3.870244074344419118e+02 1.399938352083739233e+02
3.936803697291872481e+02 1.399937029146182681e+02
4.003363320239325844e+02 1.399935706208625845e+02
4.069922943186787734e+02 1.399934383271069294e+02
4.136482566134241097e+02 1.399933060333512742e+02
4.203042189081694460e+02 1.399931737395956191e+02
4.269601812029147823e+02 1.399930414458399355e+02
4.336161434976601186e+02 1.399929091520842803e+02
4.402721057924063075e+02 1.399927768583285967e+02
4.473265687987205865e+02 1.399926339152339949e+02
4.548500511995107445e+02 1.399924784382934320e+02
4.623735336003009593e+02 1.399923229613528974e+02
4.698970160010920836e+02 1.399921674844123345e+02
4.774204984018822415e+02 1.399920120074718000e+02
4.849439808026724563e+02 1.399918565305312654e+02
4.924674632034626711e+02 1.399917010535907025e+02
5.002769481622808030e+02 1.399915376046485562e+02
5.086243660562427635e+02 1.399913591614271127e+02
5.169717839502036441e+02 1.399911807182056691e+02
5.253192018441645814e+02 1.399910022749842256e+02
5.336666197381255188e+02 1.399908238317627820e+02
5.420140376320874793e+02 1.399906453885413100e+02
5.504429398799881028e+02 1.399904645909461749e+02
5.595932425239592476e+02 1.399902629495198880e+02
5.687435451679305061e+02 1.399900613080935727e+02
5.778938478119016509e+02 1.399898596666672574e+02
5.870441504558739325e+02 1.399896580252409422e+02
5.961944530998451910e+02 1.399894563838146269e+02
6.057498540525407407e+02 1.399892428348971123e+02
6.157685265134907695e+02 1.399890156685407874e+02
6.257871989744409120e+02 1.399887885021844909e+02
6.358058714353923051e+02 1.399885613358281660e+02
6.458245438963424476e+02 1.399883341694718411e+02
6.558432163572924765e+02 1.399881070031155161e+02
6.661630148101173745e+02 1.399878707358738552e+02
6.772178448140183491e+02 1.399876122538846346e+02
6.882726748179205742e+02 1.399873537718954424e+02
6.993275048218214351e+02 1.399870952899062218e+02
7.103823348257224097e+02 1.399868368079170295e+02
7.214371648296231569e+02 1.399865783259278089e+02
7.324919948335253821e+02 1.399863198439385883e+02
7.441480476728959275e+02 1.399860418957952106e+02
7.562499659218517536e+02 1.399857495115986694e+02
7.683518841708076934e+02 1.399854571274021851e+02
7.804538024197635195e+02 1.399851647432056438e+02
7.925557206687209373e+02 1.399848723590091311e+02
8.050322404746851817e+02 1.399845678383666154e+02
8.180382867610696849e+02 1.399842461619770688e+02
8.310443330474540744e+02 1.399839244855875222e+02
8.440503793338405103e+02 1.399836028091980040e+02
8.570564256202248998e+02 1.399832811328084574e+02
8.708772635492357495e+02 1.399829328225767711e+02
8.847397358106622960e+02 1.399825831514054642e+02
8.986022080720888425e+02 1.399822334802341572e+02
9.124646803335170944e+02 1.399818838090628503e+02
9.270540136600687902e+02 1.399815102360700791e+02
9.417565799089192069e+02 1.399811329395691644e+02
9.564591461577696236e+02 1.399807556430682496e+02
9.711900150727296932e+02 1.399803774290980414e+02
9.868019813049635331e+02 1.399799706531637185e+02
1.002413947537195440e+03 1.399795638772293955e+02
1.018025913769427348e+03 1.399791571012950726e+02
1.033637880001659369e+03 1.399787503253607497e+02
1.050015906949170585e+03 1.399783185959799425e+02
1.066725041422753748e+03 1.399778760811956602e+02
1.083434175896336455e+03 1.399774335664113494e+02
1.100143310369923483e+03 1.399769910516270386e+02
1.116852444843506646e+03 1.399765485368427278e+02
1.134511857359714895e+03 1.399760743842948614e+02
1.152352084324660609e+03 1.399755942118617327e+02
1.170192311289606550e+03 1.399751140394286040e+02
1.188032538254552492e+03 1.399746338669954469e+02
1.206804873790523743e+03 1.399741236614837021e+02
1.225626341325966223e+03 1.399736118729104533e+02
1.244447808861408703e+03 1.399731000843371760e+02
1.263723062309403758e+03 1.399725739646859495e+02
1.283495592783134725e+03 1.399720321404576850e+02
1.303268123256860463e+03 1.399714903162293922e+02
1.323264460982624769e+03 1.399709416356580505e+02
1.344069954919717929e+03 1.399703681665576482e+02
1.364875448856811090e+03 1.399697946974572176e+02
1.385680942793904478e+03 1.399692212283567869e+02
1.407122192105182421e+03 1.399686286336785201e+02
1.429203396028211500e+03 1.399680167870956780e+02
1.451284599951246491e+03 1.399674049405128358e+02
1.473365803874275798e+03 1.399667930939300220e+02
1.495843088330462251e+03 1.399661696617304472e+02
1.519270749233876359e+03 1.399655184303931605e+02
1.542698410137290693e+03 1.399648671990559023e+02
1.566126071040705028e+03 1.399642159677186157e+02
1.590587755190758344e+03 1.399635363135980981e+02
1.615199747278003088e+03 1.399628525278781126e+02
1.639811739365247604e+03 1.399621687421580987e+02
1.665405468699224457e+03 1.399614589077432356e+02
1.691308384516541992e+03 1.399607408696013522e+02
1.717211300333853387e+03 1.399600228314594972e+02
1.743455993261378808e+03 1.399592960309532259e+02
1.770974678631335792e+03 1.399585365682652878e+02
1.798493364001292775e+03 1.399577771055773781e+02
1.826012049371249759e+03 1.399570176428894683e+02
1.853879597591679612e+03 1.399562498742744481e+02
1.883118334968241925e+03 1.399554494596005725e+02
1.912357072344804692e+03 1.399546490449266685e+02
1.941595809721374280e+03 1.399538486302527645e+02
1.972327726240559969e+03 1.399530145552116949e+02
2.003280313119412540e+03 1.399521755056534289e+02
2.034232899998265339e+03 1.399513364560951629e+02
2.065387626472670036e+03 1.399504930313611339e+02
2.098474446959593479e+03 1.399496077877503240e+02
2.131561267446516467e+03 1.399487225441394571e+02
2.164648087933439456e+03 1.399478373005286471e+02
2.197734908420362899e+03 1.399469520569178087e+02
2.232745979230891407e+03 1.399460295228623181e+02
2.268082861672575291e+03 1.399451006748359134e+02
2.303419744114250534e+03 1.399441718268095372e+02
2.339448547707548187e+03 1.399432301050569549e+02
2.377079378490940144e+03 1.399422585763540496e+02
2.414710209274332101e+03 1.399412870476511728e+02
2.452341040057724058e+03 1.399403155189482959e+02
2.490808287989425480e+03 1.399393291486848057e+02
2.531252565338214936e+03 1.399383076975983329e+02
2.571696842687004391e+03 1.399372862465118601e+02
2.612141120035804306e+03 1.399362647954254157e+02
2.652585397384593762e+03 1.399352433443389430e+02
2.695813636720238264e+03 1.399341761288607699e+02
2.739626875459582152e+03 1.399330992968210126e+02
2.783440114198925130e+03 1.399320224647812552e+02
2.827253352938269018e+03 1.399309456327414978e+02
2.871066591677612450e+03 1.399298688007017120e+02
2.918021661019220119e+03 1.399287480943128514e+02
2.965430591351284420e+03 1.399276210499452304e+02
3.012839521683349176e+03 1.399264940055776094e+02
3.060248452015425755e+03 1.399253669612099600e+02
3.109646129294063485e+03 1.399242132825982026e+02
3.160755488652413533e+03 1.399230366803266747e+02
3.211864848010764035e+03 1.399218600780551469e+02
3.262974207369114083e+03 1.399206834757835907e+02
3.314083566727463676e+03 1.399195068735120628e+02
3.368266580405920649e+03 1.399182926582302287e+02
3.423701485340114232e+03 1.399170631232690312e+02
3.479136390274322366e+03 1.399158335883078621e+02
3.534571295208515949e+03 1.399146040533466646e+02
3.590006200142709531e+03 1.399133745183854671e+02
3.647301727569488321e+03 1.399121243835970745e+02
3.707761008476251845e+03 1.399108392214050980e+02
3.768220289383014460e+03 1.399095540592130931e+02
3.828679570289777985e+03 1.399082688970210882e+02
3.889138851196541054e+03 1.399069837348291117e+02
3.949598132103304124e+03 1.399056985726371352e+02
4.012866612331327360e+03 1.399043849924245251e+02
4.079006126458549716e+03 1.399030423686691620e+02
4.145145640585788897e+03 1.399016997449137989e+02
4.211285154713010343e+03 1.399003571211584642e+02
4.277424668840233608e+03 1.398990144974031296e+02
4.343564182967455054e+03 1.398976718736477665e+02
4.409965654678586361e+03 1.398963271595128788e+02
4.481430225688607607e+03 1.398949420426568224e+02
4.552894796698627033e+03 1.398935569258007376e+02
4.624359367708648278e+03 1.398921718089446813e+02
4.695823938718685895e+03 1.398907866920886249e+02
4.767288509728706231e+03 1.398894015752325686e+02
4.842754464482233743e+03 1.398879811669693538e+02
4.919053433576435054e+03 1.398865534116856679e+02
4.995352402670635456e+03 1.398851256564020105e+02
5.071651371764835858e+03 1.398836979011183530e+02
5.150405341069441420e+03 1.398822450156811215e+02
5.231772694680254062e+03 1.398807653788209393e+02
5.313140048291064886e+03 1.398792857419607572e+02
5.394507401901878438e+03 1.398778061051006034e+02
5.480484756483175261e+03 1.398762726967268577e+02
5.567726721041881319e+03 1.398747245378155526e+02
5.654968685600588287e+03 1.398731763789042475e+02
5.745137347687665169e+03 1.398715921280267764e+02
5.838999497703485758e+03 1.398699623291416856e+02
5.932861647719308166e+03 1.398683325302566232e+02
6.026723797735129665e+03 1.398667027313715607e+02
6.125666728008698556e+03 1.398650119971042614e+02
6.226646574852617050e+03 1.398632968334612485e+02
6.327626421696562829e+03 1.398615816698182357e+02
6.428606268540482233e+03 1.398598665061752513e+02
6.533920642734451576e+03 1.398580987168143110e+02
6.642706826777433889e+03 1.398562887760327555e+02
6.751493010820413474e+03 1.398544788352512001e+02
6.860279194863395787e+03 1.398526688944696161e+02
6.969065378906378101e+03 1.398508589536880606e+02
7.086220815274891720e+03 1.398489416730269284e+02
7.204073725035646021e+03 1.398470154469180216e+02
7.321926634796400322e+03 1.398450892208090863e+02
7.439779544557182817e+03 1.398431629947001511e+02
7.557632454317938027e+03 1.398412367685912159e+02
7.684030736852672817e+03 1.398391943725888780e+02
7.812672016994596561e+03 1.398371214842019867e+02
7.941313297136517576e+03 1.398350485958150671e+02
8.069954577278440411e+03 1.398329757074281474e+02
8.198595857420363245e+03 1.398309028190412562e+02
8.329191328429871646e+03 1.398288022266323480e+02
8.470750476409399198e+03 1.398265462052156067e+02
8.612309624388888551e+03 1.398242901837988654e+02
8.753868772368379723e+03 1.398220341623821241e+02
8.895427920347869076e+03 1.398197781409653828e+02
9.036987068327358429e+03 1.398175221195486415e+02
9.178546216306849601e+03 1.398152660981319002e+02
9.518008264624004369e+03 1.398099041014826867e+02
9.857470312941117299e+03 1.398045421048334447e+02
1.019693236125827207e+04 1.397991801081842311e+02
1.057342185242017331e+04 1.397932765245399764e+02
1.095305144597569597e+04 1.397873270117553943e+02
1.133268103953117316e+04 1.397813774989707554e+02
1.174213575565090832e+04 1.397749915314968803e+02
1.216996005358026741e+04 1.397683367473533167e+02
1.259778435150963014e+04 1.397616819632097531e+02
1.303149401078436313e+04 1.397549412316256223e+02
1.351714734150915319e+04 1.397474419356383351e+02
1.400280067223394326e+04 1.397399426396511046e+02
1.448845400295873515e+04 1.397324433436638174e+02
1.500074159974456416e+04 1.397245558112834090e+02
1.555578469117178247e+04 1.397160450502024105e+02
1.611082778259900078e+04 1.397075342891214405e+02
1.666587087402615361e+04 1.396990235280404704e+02
1.726088653224654263e+04 1.396899291316651386e+02
1.789919224480237972e+04 1.396802026617045840e+02
1.853749795735822045e+04 1.396704761917440578e+02
1.917580366991398478e+04 1.396607497217835032e+02
1.985473585356073454e+04 1.396504295887389446e+02
2.059295139704677058e+04 1.396392431647936405e+02
2.133116694053280662e+04 1.396280567408483648e+02
2.206938248401875535e+04 1.396168703169030891e+02
2.282918391559112933e+04 1.396053671992782483e+02
2.368728521074189848e+04 1.395924218919521422e+02
2.454538650589266035e+04 1.395794765846260361e+02
2.540348780104332400e+04 1.395665312772998732e+02
2.626158909619409678e+04 1.395535859699737387e+02
2.723718579805720947e+04 1.395389065793528403e+02
2.823914303133510111e+04 1.395238381406963981e+02
2.924110026461287634e+04 1.395087697020399560e+02
3.024305749789076071e+04 1.394937012633834570e+02
3.130241887627865071e+04 1.394777724618415107e+02
3.247699226455449389e+04 1.394601168836514944e+02
3.365156565283046803e+04 1.394424613054615349e+02
3.482613904110644216e+04 1.394248057272715471e+02
3.600071242938241630e+04 1.394071501490815592e+02
3.732904970050759584e+04 1.393871806820206984e+02
3.871076509238452127e+04 1.393664079636548081e+02
4.009248048426144669e+04 1.393456352452889462e+02
4.147419587613837211e+04 1.393248625269230558e+02
4.287077637976702681e+04 1.393038641162590068e+02
4.450105279374454403e+04 1.392793175743756535e+02
4.613132920772205398e+04 1.392547710324922718e+02
4.776160562169957120e+04 1.392302244906089186e+02
4.939188203567689925e+04 1.392056779487255653e+02
5.111089440661019034e+04 1.391797705039280117e+02
5.303944112375722034e+04 1.391506495263963075e+02
5.496798784090425761e+04 1.391215285488646032e+02
5.689653455805106205e+04 1.390924075713328705e+02
5.882508127519809204e+04 1.390632865938011378e+02
6.092063037752996024e+04 1.390315801101024249e+02
6.320710010398866143e+04 1.389969178216076102e+02
6.549356983044762455e+04 1.389622555331127671e+02
6.778003955690660223e+04 1.389275932446179525e+02
7.006650928336556535e+04 1.388929309561231378e+02
7.260079334623734758e+04 1.388543965037991939e+02
7.531677642861164350e+04 1.388130229567671847e+02
7.803275951098593941e+04 1.387716494097351756e+02
8.074874259336023533e+04 1.387302758627031380e+02
8.346472567573421111e+04 1.386889023156711289e+02
8.650920267677737866e+04 1.386423480978473037e+02
8.974060816716299450e+04 1.385928458346872958e+02
9.297201365754823200e+04 1.385433435715273163e+02
9.620341914793383330e+04 1.384938413083673368e+02
9.943482463831943460e+04 1.384443390452073288e+02
1.030715090908771381e+05 1.383883845515656503e+02
1.069214372156123427e+05 1.383290351190051695e+02
1.107713653403470817e+05 1.382696856864446886e+02
1.146212934650822717e+05 1.382103362538842077e+02
1.184712215898174763e+05 1.381509868213237269e+02
1.227941318194388004e+05 1.380840304461839878e+02
1.273863150400839222e+05 1.380127433698195887e+02
1.319784982607289858e+05 1.379414562934551896e+02
1.365706814813740784e+05 1.378701692170908188e+02
1.411628647020186472e+05 1.377988821407264481e+02
1.462796160992073710e+05 1.377190693165879907e+02
1.517625477875639044e+05 1.376333050052226383e+02
1.572454794759204378e+05 1.375475406938573144e+02
1.627284111642763310e+05 1.374617763824919905e+02
1.682113428526328935e+05 1.373760120711266381e+02
1.742448492613267736e+05 1.372810931065075408e+02
1.807966549980997224e+05 1.371775561460834183e+02
1.873484607348734280e+05 1.370740191856592389e+02
1.939002664716471627e+05 1.369704822252350880e+02
2.004520722084208392e+05 1.368669452648109086e+02
2.075424578995232587e+05 1.367544259380623544e+02
2.153771230724717607e+05 1.366294936150632964e+02
2.232117882454211358e+05 1.365045612920642384e+02
2.310464534183705400e+05 1.363796289690651520e+02
2.388811185913190129e+05 1.362546966460661224e+02
2.471878594617781346e+05 1.361218281963303696e+02
2.565618757677937974e+05 1.359710176386569174e+02
2.659358920738094021e+05 1.358202070809834936e+02
2.753099083798239590e+05 1.356693965233100414e+02
2.846839246858396218e+05 1.355185859656365892e+02
2.943875834899565089e+05 1.353621879633447236e+02
3.056086346040449571e+05 1.351800701417175787e+02
3.168296857181321247e+05 1.349979523200904623e+02
3.280507368322205730e+05 1.348158344984633459e+02
3.392717879463090212e+05 1.346337166768362010e+02
3.505761126902468968e+05 1.344501733650964752e+02
3.640130741085726768e+05 1.342301232684528713e+02
3.774500355268985732e+05 1.340100731718092106e+02
3.908869969452243531e+05 1.337900230751655783e+02
4.043239583635486779e+05 1.335699729785219745e+02
4.177609197818745160e+05 1.333499228818783422e+02
4.335525005753295845e+05 1.330890648115373551e+02
4.496474623387858737e+05 1.328229488371908076e+02
4.657424241022403585e+05 1.325568328628442600e+02
4.818373858656966477e+05 1.322907168884977125e+02
4.979323476291529951e+05 1.320246009141511649e+02
5.163371216328683076e+05 1.317177675281905920e+02
5.356191976872298401e+05 1.313954690459406436e+02
5.549012737415938172e+05 1.310731705636906668e+02
5.741833497959576780e+05 1.307508720814406900e+02
5.934654258503215387e+05 1.304285735991906847e+02
6.148677555062789470e+05 1.300679544788404769e+02
6.379695885161512997e+05 1.296766191965525934e+02
6.610714215260236524e+05 1.292852839142647099e+02
6.841732545358933276e+05 1.288939486319768548e+02
7.072750875457656803e+05 1.285026133496889713e+02
7.318537978425150504e+05 1.280830409012840505e+02
7.588708641204359010e+05 1.276168482878155430e+02
7.858879303983536083e+05 1.271506556743471066e+02
8.129049966762745753e+05 1.266844630608786133e+02
8.418468546982742846e+05 1.261806499658468965e+02
8.723231623612595722e+05 1.256468457122360860e+02
9.027994700242413674e+05 1.251130414586253607e+02
9.347387916655233130e+05 1.245499433770975202e+02
9.684133734076719265e+05 1.239521003023295975e+02
1.002087955149816466e+06 1.233542572275617459e+02
1.038241876155150356e+06 1.227043595817866617e+02
1.074955106191154104e+06 1.220427190527021537e+02
1.113117845783580327e+06 1.213494949181899472e+02
1.152749369053248549e+06 1.206242672112175569e+02
1.193575108544393908e+06 1.198719912715248199e+02
1.236030340423539048e+06 1.190828083726617876e+02
1.279982864349193871e+06 1.182582884760575155e+02
1.325174480053020408e+06 1.174045252641838601e+02
1.372586922928467859e+06 1.164961115797177342e+02
1.421126952263390180e+06 1.155592476309568752e+02
1.471569835098612122e+06 1.145736318053957490e+02
1.524089117145874538e+06 1.135327016235644635e+02
1.578258944389318349e+06 1.124460798333045233e+02
1.634287715861514676e+06 1.113062461801194161e+02
1.692323548323877389e+06 1.101060636234047365e+02
1.752452408199809957e+06 1.088384880816976192e+02
1.814652672078642761e+06 1.074979376025201958e+02
1.844232885336729232e+06 1.068445618739060308e+02
1.873813098594815237e+06 1.061911861452918657e+02
1.904093264590363484e+06 1.055063652910662739e+02
1.934419200335834874e+06 1.048194271218371227e+02
1.965332778242179193e+06 1.040998480691373516e+02
1.996343564703448210e+06 1.033740881423028384e+02
2.027804800129741663e+06 1.026196870289072081e+02
2.059539786698078737e+06 1.018481048464965966e+02
2.091618749846264021e+06 1.010549341318379959e+02
2.124375913058132865e+06 1.002232012471053650e+02
2.157669460505817086e+06 9.936479905740944218e+01
2.191935712591519579e+06 9.846102262365027968e+01
2.227427537084979005e+06 9.750019203997749173e+01
2.261351310603437945e+06 9.656610455445874663e+01
2.292546690085054841e+06 9.553631844619552282e+01
2.318698808546976652e+06 9.408084848937754430e+01
2.339980866922010668e+06 9.237910934243004135e+01
2.354451196947195567e+06 9.087647486468715385e+01
2.366188365117628127e+06 8.964264338917243435e+01
2.376204015007413458e+06 8.857069775994892780e+01
2.384102292427449953e+06 8.770865777388250706e+01
2.395978390271083917e+06 8.635995855624076967e+01
2.403969049761851784e+06 8.543738048876512892e+01
2.416085097969543654e+06 8.399327348412408867e+01
2.424822895106786862e+06 8.293756862593671997e+01
2.434524069527170621e+06 8.173769440667487629e+01
2.445262737265962176e+06 8.038052971561326387e+01
2.457735803961882833e+06 7.876946445296060517e+01
2.474252419615008868e+06 7.662106303189698053e+01
2.492013407307384536e+06 7.432407512019419471e+01
2.511815235636177473e+06 7.180775617442976966e+01
2.532254986424651463e+06 6.928792261671023311e+01
2.552949992144547869e+06 6.682682409055134087e+01
2.573779998694355134e+06 6.443676116431880985e+01
2.594696324582781177e+06 6.213711193765657015e+01
2.615707950061119162e+06 5.992150726377448677e+01
2.636859130183579400e+06 5.777422619966644390e+01
2.658129931336972397e+06 5.570359062696417141e+01
2.679394687512972392e+06 5.371669994587823282e+01
2.700778019368441775e+06 5.179397889645625241e+01
2.722246819271815009e+06 4.993339146428093045e+01
2.743648405261721928e+06 4.815558209407175383e+01
2.764924053053519689e+06 4.645507801092809075e+01
2.786270440216897056e+06 4.480811350878563104e+01
2.807376437782787252e+06 4.324144513461570938e+01
2.828122994094376918e+06 4.175860100929452301e+01
2.848215070185729302e+06 4.037251046676266242e+01
2.867835525332433172e+06 3.906070642103166790e+01
2.886137629884801805e+06 3.787750408830505933e+01
2.902498986799235456e+06 3.685198019098616129e+01
2.916482486244722269e+06 3.599717988030899107e+01
2.927889876493457239e+06 3.531407291329169595e+01
2.936632033891165629e+06 3.479944808412601276e+01
2.943321042302597780e+06 3.441032125406579212e+01
2.948368713515274692e+06 3.411917959167213610e+01
2.952142907246995252e+06 3.390287382628005730e+01
2.954820714821603149e+06 3.375014373647890409e+01
2.956820115624583326e+06 3.363631866081971111e+01
2.958317357060866430e+06 3.355114787964099321e+01
2.959423094116690103e+06 3.348824609282685572e+01
2.960245181097144727e+06 3.344144049736510027e+01
2.960867357889438048e+06 3.340596545246415161e+01
2.961339639274429530e+06 3.337898238853400557e+01
2.961700277446192224e+06 3.335832520546944835e+01
2.961978279113282450e+06 3.334235402670940118e+01
2.962195478984463960e+06 3.332983343298610635e+01
2.962368125217377208e+06 3.331984429915517154e+01
2.962505976991109084e+06 3.331183459051754880e+01
2.962619194007541984e+06 3.330522791170023567e+01
2.962713727422442753e+06 3.329968596481413812e+01
2.962794632979130372e+06 3.329492019819967652e+01
2.962865827412674204e+06 3.329070581981677179e+01
2.962930426854297519e+06 3.328686255375944114e+01
2.962991096192800906e+06 3.328323497725310887e+01
2.963049972853944171e+06 3.327969578016254104e+01
2.963108743821541313e+06 3.327614512177277106e+01
2.963168178514334839e+06 3.327253649019328208e+01
2.963228507260217797e+06 3.326885658875914231e+01
2.963289870032063685e+06 3.326509558234108965e+01
2.963352200012098067e+06 3.326125917628200312e+01
2.963415640878723469e+06 3.325733645787615700e+01
2.963480355227186345e+06 3.325331526640354696e+01
2.963545793687443249e+06 3.324923563113404867e+01
2.963612237907850649e+06 3.324507345942814851e+01
2.963679807103729807e+06 3.324082131560320619e+01
2.963748599000427872e+06 3.323647261599788294e+01
2.963818771429305431e+06 3.323201901393962032e+01
2.963890262089366093e+06 3.322746558190965516e+01
2.963962689918505959e+06 3.322284068704588833e+01
2.964036720376193058e+06 3.321808823026329094e+01
2.964112152345588431e+06 3.321322765534486621e+01
2.964189094564015046e+06 3.320825192524013403e+01
2.964267978545838501e+06 3.320313216254663047e+01
2.964348842950765043e+06 3.319786755450380156e+01
2.964431840813874733e+06 3.319244746835148874e+01
2.964517637181144673e+06 3.318681850829799629e+01
2.964606168298664503e+06 3.318098975764469571e+01
2.964698080709900707e+06 3.317491611875002633e+01
2.964794391143638175e+06 3.316852757757177983e+01
2.964895700212107971e+06 3.316178337135119847e+01
2.965002143008578569e+06 3.315467404455877443e+01
2.965003555027555209e+06 3.315457914043751941e+01
2.965004967046532314e+06 3.315448423631627151e+01
2.965006379065508954e+06 3.315438933219501649e+01
2.965007791084486060e+06 3.315429442807375437e+01
2.965009203103463165e+06 3.315419952395249936e+01
2.965010615122439805e+06 3.315410461983125145e+01
2.965012027141416445e+06 3.315400971570999644e+01
2.965013439160393551e+06 3.315391481158874143e+01
2.965014851179370191e+06 3.315381990746748642e+01
2.965016263198346831e+06 3.315372500334623140e+01
2.965017675217323937e+06 3.315363009922497639e+01
2.965019087236300576e+06 3.315353519510372138e+01
2.965020499255277682e+06 3.315344029098246637e+01
2.965021911274254322e+06 3.315334538686121846e+01
2.965023323293230962e+06 3.315325048273996345e+01
2.965024735312208068e+06 3.315315557861870843e+01
2.965026147331184708e+06 3.315306067449745342e+01
2.965027559350161813e+06 3.315296577037619841e+01
2.965028971369138919e+06 3.315287086625494339e+01
2.965030383388115559e+06 3.315277596213368838e+01
2.965031795407092199e+06 3.315268105801243337e+01
2.965033207426069304e+06 3.315258615389117836e+01
2.965034619445045944e+06 3.315249124976992334e+01
2.965036031464022584e+06 3.315239634564867544e+01
2.965037443482999690e+06 3.315230144152742042e+01
2.965038855501976795e+06 3.315220653740615830e+01
2.965040267520953435e+06 3.315211163328491040e+01
2.965041679539930075e+06 3.315201672916365538e+01
2.965043091558907181e+06 3.315192182504240037e+01
2.965044503577884287e+06 3.315182692092114536e+01
2.965045915596860461e+06 3.315173201679989745e+01
2.965047327615837567e+06 3.315163711267864244e+01
2.965048739634814672e+06 3.315154220855738743e+01
2.965050151653791312e+06 3.315144730443613241e+01
2.965051563672768418e+06 3.315135240031487740e+01
2.965052975691745058e+06 3.315125749619362239e+01
2.965054387710722163e+06 3.315116259207236737e+01
2.965055799729698803e+06 3.315106768795111236e+01
2.965057211748675443e+06 3.315097278382985735e+01
2.965058623767652549e+06 3.315087787970860234e+01
2.965060035786629654e+06 3.315078297558734732e+01
2.965061447805606294e+06 3.315068807146609942e+01
2.965062859824582934e+06 3.315059316734483730e+01
2.965064271843560040e+06 3.315049826322359650e+01
2.965065683862537146e+06 3.315040335910233438e+01
2.965067095881513320e+06 3.315030845498107936e+01
2.965068507900490426e+06 3.315021355085982435e+01
2.965069919919467065e+06 3.315011864673857644e+01
2.965071331938444171e+06 3.315002374261731433e+01
2.965072743957420811e+06 3.314992883849606642e+01
2.965074155976397917e+06 3.314983393437481141e+01
2.965075567995374557e+06 3.314973903025355639e+01
2.965076980014351197e+06 3.314964412613230138e+01
2.965078392033328302e+06 3.314954922201104637e+01
2.965079804052305408e+06 3.314945431788979135e+01
2.965081216071282513e+06 3.314935941376853634e+01
2.965082628090259153e+06 3.314926450964728133e+01
2.965084040109235793e+06 3.314916960552602632e+01
2.965085452128212433e+06 3.314907470140477130e+01
2.965086864147189073e+06 3.314897979728351629e+01
2.965088276166166179e+06 3.314888489316226128e+01
2.965089688185143284e+06 3.314878998904101337e+01
2.965091100204120390e+06 3.314869508491975836e+01
2.965092512223096564e+06 3.314860018079850335e+01
2.965093924242073670e+06 3.314850527667724833e+01
2.965095336261050310e+06 3.314841037255599332e+01
2.965096748280026950e+06 3.314831546843473831e+01
2.965098160299004521e+06 3.314822056431349040e+01
2.965099572317981161e+06 3.314812566019223539e+01
2.965100984336958267e+06 3.314803075607098037e+01
2.965102396355934907e+06 3.314793585194972536e+01
2.965103808374911547e+06 3.314784094782847035e+01
2.965105220393888187e+06 3.314774604370721534e+01
2.965106632412865292e+06 3.314765113958596032e+01
2.965108044431842398e+06 3.314755623546470531e+01
2.965109456450819038e+06 3.314746133134345030e+01
2.965110868469796143e+06 3.314736642722220239e+01
2.965112280488772783e+06 3.314727152310094738e+01
2.965113692507749423e+06 3.314717661897968526e+01
2.965115104526726529e+06 3.314708171485843735e+01
2.965116516545703169e+06 3.314698681073718234e+01
2.965117928564680275e+06 3.314689190661592733e+01
2.965119340583656915e+06 3.314679700249467942e+01
2.965120752602633554e+06 3.314670209837341730e+01
2.965122164621610660e+06 3.314660719425216229e+01
2.965123576640587300e+06 3.314651229013090727e+01
2.965124988659563940e+06 3.314641738600965226e+01
2.965126517236222979e+06 3.314631411782469428e+01
2.965128056226727553e+06 3.314621010235246956e+01
2.965129595217232127e+06 3.314610608688025906e+01
2.965131134207736235e+06 3.314600207140804145e+01
2.965132673198240809e+06 3.314589805593583094e+01
2.965134212188745383e+06 3.314579404046361333e+01
2.965135751179249957e+06 3.314569002499139572e+01
2.965137290169754066e+06 3.314558600951918521e+01
2.965138829160258640e+06 3.314548199404696760e+01
2.965140368150762748e+06 3.314537797857475709e+01
2.965141907141267322e+06 3.314527396310253948e+01
2.965143446131771430e+06 3.314516994763032187e+01
2.965144985122276004e+06 3.314506593215811137e+01
2.965146524112780578e+06 3.314496191668589375e+01
2.965148063103285152e+06 3.314485790121367614e+01
2.965149602093789261e+06 3.314475388574145853e+01
2.965151141084293835e+06 3.314464987026924803e+01
2.965152680074798409e+06 3.314454585479703042e+01
2.965154219065302983e+06 3.314444183932481280e+01
2.965155758055807091e+06 3.314433782385260230e+01
2.965157297046311665e+06 3.314423380838039179e+01
2.965158836036816239e+06 3.314412979290817418e+01
2.965160375027320348e+06 3.314402577743595657e+01
2.965161914017824922e+06 3.314392176196373896e+01
2.965163453008329496e+06 3.314381774649152845e+01
2.965164991998833604e+06 3.314371373101931084e+01
2.965166530989338178e+06 3.314360971554709323e+01
2.965168069979842752e+06 3.314350570007488272e+01
2.965169608970346861e+06 3.314340168460266511e+01
2.965171147960851900e+06 3.314329766913044750e+01
2.965172686951356009e+06 3.314319365365823700e+01
2.965174225941860117e+06 3.314308963818601939e+01
2.965175764932365157e+06 3.314298562271380888e+01
2.965177303922869265e+06 3.314288160724159127e+01
2.965178842913373839e+06 3.314277759176937366e+01
2.965180381903877947e+06 3.314267357629715605e+01
2.965181920894382522e+06 3.314256956082493843e+01
2.965183459884886630e+06 3.314246554535272793e+01
2.965184998875391670e+06 3.314236152988051032e+01
2.965186537865895778e+06 3.314225751440829981e+01
2.965188076856400352e+06 3.314215349893608220e+01
2.965189615846904926e+06 3.314204948346387170e+01
2.965191154837409034e+06 3.314194546799165408e+01
2.965192693827913608e+06 3.314184145251942937e+01
2.965194232818418182e+06 3.314173743704722597e+01
2.965195771808922291e+06 3.314163342157500836e+01
2.965197310799426865e+06 3.314152940610279074e+01
2.965198849789931439e+06 3.314142539063057313e+01
2.965200388780435547e+06 3.314132137515836263e+01
2.965201927770940121e+06 3.314121735968614502e+01
2.965203466761444695e+06 3.314111334421392741e+01
2.965205005751949269e+06 3.314100932874171690e+01
2.965206544742453843e+06 3.314090531326949929e+01
2.965208083732957952e+06 3.314080129779728168e+01
2.965209622723462526e+06 3.314069728232507117e+01
2.965211161713967100e+06 3.314059326685286067e+01
2.965212700704471208e+06 3.314048925138064305e+01
2.965214239694975782e+06 3.314038523590842544e+01
2.965215778685480356e+06 3.314028122043621494e+01
2.965217317675984465e+06 3.314017720496399022e+01
2.965218856666489039e+06 3.314007318949177971e+01
2.965220395656993147e+06 3.313996917401956921e+01
2.965221934647497721e+06 3.313986515854734449e+01
2.965223473638002295e+06 3.313976114307513399e+01
2.965318574979815632e+06 3.313329949906912475e+01
2.965424662098593079e+06 3.312605365012796454e+01
2.965549840542284306e+06 3.311744557130502642e+01
2.965712228389875963e+06 3.310617690848423678e+01
2.965954582718575839e+06 3.308910706430283000e+01
2.966235627159822732e+06 3.306886179563652206e+01
2.966497667493675835e+06 3.304949790369806806e+01
2.966820773947051726e+06 3.302500658760114050e+01
2.967523516105470713e+06 3.297006893691606422e+01
2.968054542247621808e+06 3.292784358114566601e+01
2.968446277047688141e+06 3.289665089694519651e+01
2.968805018747042865e+06 3.286817131389885560e+01
2.969156326494694687e+06 3.284039285685452114e+01
2.969510917348882183e+06 3.281251031441215105e+01
2.969872204127492383e+06 3.278428327029187983e+01
2.970241880725682713e+06 3.275559762464649083e+01
2.970623448651728220e+06 3.272620127428181291e+01
2.971020470111129805e+06 3.269584190804359025e+01
2.971438294197760057e+06 3.266414499581536290e+01
2.971883005313157104e+06 3.263066810578654042e+01
2.972369714275601320e+06 3.259432029583394552e+01
2.972911351975089870e+06 3.255422819265091050e+01
2.973521811601710506e+06 3.250947495459426761e+01
2.974231689688757062e+06 3.245811461069443737e+01
2.975082500514750369e+06 3.239747671556231978e+01
2.976157894813566934e+06 3.232212796485060835e+01
2.977352059852831066e+06 3.224020098121044953e+01
2.979099456381836906e+06 3.212257528470497903e+01
2.981947800922404975e+06 3.193462266886591294e+01
2.987321942630325444e+06 3.158767261845621732e+01
2.994859567098442931e+06 3.110986340043771392e+01
3.002037072347003501e+06 3.066022536689996514e+01
3.010826584062511101e+06 3.011365548607766129e+01
3.020515245883425232e+06 2.951914384432502914e+01
3.030331081529364921e+06 2.893439119400273540e+01
3.040282938901169226e+06 2.835915510218605462e+01
3.050390789700856898e+06 2.779271198641936991e+01
3.060588327794787008e+06 2.723420069437073465e+01
3.069010467375412583e+06 2.674524580768596849e+01
3.074174069479695987e+06 2.634188584738600980e+01
3.077466746575185098e+06 2.594675872549520079e+01
3.080889712203491013e+06 2.552579048492184199e+01
3.084450262354413979e+06 2.508192834497963020e+01
3.088105688053353224e+06 2.463559619000010059e+01
3.091845038151178043e+06 2.419447405640368132e+01
3.095675313657352701e+06 2.376252454344147225e+01
3.099627605737962294e+06 2.333928544616423295e+01
3.103748910037376918e+06 2.292054908069719943e+01
3.108161026038222015e+06 2.250304899501922762e+01
3.112698277125102933e+06 2.209899181682871117e+01
3.117413558858884964e+06 2.170283407681391097e+01
3.122248094832574017e+06 2.131226028792501381e+01
3.127278904776084702e+06 2.092562600034827369e+01
3.132432800525445957e+06 2.054821966904804142e+01
3.137716495045168791e+06 2.017736230477741799e+01
3.143293391512982547e+06 1.980734703603889102e+01
3.149047714190743864e+06 1.944443062428796054e+01
3.155005572893242817e+06 1.909074320834670857e+01
3.161210241283620242e+06 1.874029002735910865e+01
3.167725523195824120e+06 1.839406903725802067e+01
3.174501925422085915e+06 1.805581660077258377e+01
3.181564327829245012e+06 1.772353920869909061e+01
3.189078511015403084e+06 1.739470620971759729e+01
3.196841702775713056e+06 1.707492957643047760e+01
3.204990804889035411e+06 1.676256663348232934e+01
3.213589831319750752e+06 1.645656426717754428e+01
3.222530383411177434e+06 1.616062725597854310e+01
3.231855936998591758e+06 1.587245628070209591e+01
3.241602283590268344e+06 1.559497055328871262e+01
3.251493179241533391e+06 1.533733410051681112e+01
3.261338602970003616e+06 1.509841534272640828e+01
3.271026091384041589e+06 1.487949632254785470e+01
3.280326276623017155e+06 1.468538150122358488e+01
3.289090039970637299e+06 1.451463573139858099e+01
3.297137441787051968e+06 1.436704083461044945e+01
3.304423069913496729e+06 1.424049690093924170e+01
3.311021845007032156e+06 1.413098228073322637e+01
3.316963642661864404e+06 1.403659367380739198e+01
3.322212288464002777e+06 1.395670281438155236e+01
3.326857717376430053e+06 1.388834923886008177e+01
3.330907259549889714e+06 1.383067861852679314e+01
3.334510568333218805e+06 1.378063072003843104e+01
3.337584146529594436e+06 1.373896958702924920e+01
3.340190847288932651e+06 1.370426376520618206e+01
3.342415612850942183e+06 1.367500421124320908e+01
3.344278181636931840e+06 1.365075611198833627e+01
3.345850141677069012e+06 1.363044559639921616e+01
3.347172236655274406e+06 1.361346825685900086e+01
3.348278005009004846e+06 1.359933720981934613e+01
3.349200243656184990e+06 1.358759298756984535e+01
3.349964873391629197e+06 1.357787823793059445e+01
3.350599971260309219e+06 1.356981597679159357e+01
3.351115867822272703e+06 1.356326604430280369e+01
3.351530178700065240e+06 1.355800178351101692e+01
3.351913766628725454e+06 1.355312628490474403e+01
3.352236496220685542e+06 1.354901223499529550e+01
3.352501320988170337e+06 1.354563261042661715e+01
3.352719184061227366e+06 1.354284463191940269e+01
3.352903767611403484e+06 1.354047509645052116e+01
3.353062629584716633e+06 1.353842874095861148e+01
3.353201204512059689e+06 1.353663709856246555e+01
3.353324407911510207e+06 1.353503818764060362e+01
3.353414648741538171e+06 1.353386206747313025e+01
3.353499099992895499e+06 1.353275782566056407e+01
3.353579002968315035e+06 1.353170938081865948e+01
3.353656117545624729e+06 1.353069399940914863e+01
3.353732415208579972e+06 1.352968581678643822e+01
3.353809051715021953e+06 1.352866936994518454e+01
3.353886175445580855e+06 1.352764261471599028e+01
3.353963778198025189e+06 1.352660599572288369e+01
3.354041898127728608e+06 1.352555854555672532e+01
3.354120562258751597e+06 1.352450000125026719e+01
3.354199806949621066e+06 1.352342931107397916e+01
3.354279553617714904e+06 1.352234804229603427e+01
3.354359639582528733e+06 1.352125959463319305e+01
3.354440499241066631e+06 1.352015458458825492e+01
3.354521607670957223e+06 1.351904416863729885e+01
3.354603463096214458e+06 1.351791752016317361e+01
3.354685400185105857e+06 1.351678909070652068e+01
3.354768461798100267e+06 1.351563613677427611e+01
3.354851523411095142e+06 1.351448318284202799e+01
3.354935242628829554e+06 1.351331537222080215e+01
3.355019654062266927e+06 1.351213192297538512e+01
3.355104065495703369e+06 1.351094847372996810e+01
3.355188950377261266e+06 1.350975213946196263e+01
3.355274437662585638e+06 1.350853941060750074e+01
3.355359924947910476e+06 1.350732668175304241e+01
3.355446220270205289e+06 1.350609244144250454e+01
3.355532650318073574e+06 1.350485461448512936e+01
3.355619479669269174e+06 1.350360572885366217e+01
3.355706744494125247e+06 1.350234478281356942e+01
3.355794150305822957e+06 1.350107963119371490e+01
3.355882130916223396e+06 1.349979733356395428e+01
3.355970111526623834e+06 1.349851503593419721e+01
3.356058606739905663e+06 1.349721460772407866e+01
3.356147121060783509e+06 1.349591350631173370e+01
3.356235661151772365e+06 1.349460366573022085e+01
3.356324209595873486e+06 1.349329099243813879e+01
3.356411617007119115e+06 1.349198923512370563e+01
3.356498088835812174e+06 1.349069642829493176e+01
3.356584557624770328e+06 1.348940044461371812e+01
3.356671019009471871e+06 1.348809672268404469e+01
3.356757470553561579e+06 1.348679277159034839e+01
3.356843641400887631e+06 1.348548228374819757e+01
3.356929812248214148e+06 1.348417179590604675e+01
3.357015443488733843e+06 1.348286080627241645e+01
3.357100917180900462e+06 1.348154967013132932e+01
3.357185595352627337e+06 1.348024504500185827e+01
3.357269496133939363e+06 1.347894678249710765e+01
3.357353122189031914e+06 1.347765037004957023e+01
3.357435727833728306e+06 1.347636082923450473e+01
3.357518333478424698e+06 1.347507128841944102e+01
3.357597663818027359e+06 1.347382276021774672e+01
3.357676666697188746e+06 1.347257833240001901e+01
3.357753045980374329e+06 1.347136939743427320e+01
3.357827202709273901e+06 1.347019052989928056e+01
3.357899138630745001e+06 1.346904280437882839e+01
3.357969052377128042e+06 1.346792343548451676e+01
3.358035035489559174e+06 1.346686179666190242e+01
3.358098726215661969e+06 1.346583406312152498e+01
3.358159410163451917e+06 1.346485121885280556e+01
3.358214539102424867e+06 1.346395454153730675e+01
3.358266447788718622e+06 1.346310736732418789e+01
3.358315134365304373e+06 1.346231014573798745e+01
3.358359735031245742e+06 1.346157738490586908e+01
3.358400313688363414e+06 1.346090852127617765e+01
3.358437201799702365e+06 1.346029855651853779e+01
3.358470560756905004e+06 1.345974524579916221e+01
3.358500598527413327e+06 1.345924553213430386e+01
3.358527557237639558e+06 1.345879574482693641e+01
3.358551708983630408e+06 1.345839166572653056e+01
3.358572721196590923e+06 1.345803896285939061e+01
3.358591301652175374e+06 1.345772627758652895e+01
3.358607911266206764e+06 1.345744609676374992e+01
3.358622863636105321e+06 1.345719330186225982e+01
3.358635708809396252e+06 1.345697545355905689e+01
3.358646932362210937e+06 1.345678465995403883e+01
3.358657205440074671e+06 1.345660973664819693e+01
3.358665613683891483e+06 1.345646605143436503e+01
3.358673385630889330e+06 1.345633307424709280e+01
3.358679995321068447e+06 1.345621965629147176e+01
3.358685942210728303e+06 1.345611744379966979e+01
3.358691020558369346e+06 1.345602991508658164e+01
3.358695563150511589e+06 1.345595153969962787e+01
3.358698833799881395e+06 1.345589489532058991e+01
3.358702104449251201e+06 1.345583825094155372e+01
3.358705156310984865e+06 1.345578522975521807e+01
3.358708004265740979e+06 1.345573558533316394e+01
3.358710852220496628e+06 1.345568594091110803e+01
3.358713138451826759e+06 1.345564583828787519e+01
3.358715366364938673e+06 1.345560672629577859e+01
3.358717491549205035e+06 1.345556936769430578e+01
3.358719282591006719e+06 1.345553771228428985e+01
3.358721073632807937e+06 1.345550605687427748e+01
3.358722623900304548e+06 1.345547856611302961e+01
3.358723997900640592e+06 1.345545412422699982e+01
3.358725371900976636e+06 1.345542968234097003e+01
3.358726527706637979e+06 1.345540902880234668e+01
3.358727630902276374e+06 1.345538928869134665e+01
3.358728720738841686e+06 1.345536978541798767e+01
3.358729521370531060e+06 1.345535540934194429e+01
3.358730322002220899e+06 1.345534103326589737e+01
3.358731122633910272e+06 1.345532665718985399e+01
