1.682108779008711679e+02 1.999997185534839161e+01
1.744666318292771336e+02 1.999997098066099355e+01
1.809234970274005150e+02 1.999997008679228827e+01
1.875961763799863888e+02 1.999996917269250218e+01
1.944992158968985905e+02 1.999996823746371888e+01
2.016834989707932380e+02 1.999996727726425760e+01
2.091500576874562967e+02 1.999996629259553771e+01
2.168808235245123797e+02 1.999996528544214769e+01
2.248880911177301414e+02 1.999996425538536471e+01
2.331840875100495225e+02 1.999996320218856383e+01
2.417842731041536126e+02 1.999996212526760075e+01
2.507013620965556697e+02 1.999996102409589227e+01
2.599461119108607363e+02 1.999995989846539857e+01
2.695312582401321606e+02 1.999995874816277919e+01
2.794697029032104751e+02 1.999995757298200161e+01
2.897736282475199232e+02 1.999995637285531558e+01
3.004561274678034124e+02 1.999995514769109306e+01
3.115300817293642694e+02 1.999995389737440377e+01
3.230079986069324605e+02 1.999995262182528677e+01
3.348995313812071686e+02 1.999995132130872122e+01
3.472196489112382665e+02 1.999994999598678191e+01
3.599825166941024008e+02 1.999994864562571095e+01
3.732328161973687202e+02 1.999994726864272820e+01
3.869868229715387997e+02 1.999994586520283235e+01
4.012275194388722639e+02 1.999994443663148047e+01
4.159640705558358036e+02 1.999994298341489696e+01
4.312365156993623714e+02 1.999994150485321498e+01
4.471143594796098455e+02 1.999993999850799753e+01
4.635325810238535951e+02 1.999993846808955311e+01
4.805352681101138046e+02 1.999993691245606087e+01
4.982119104239176295e+02 1.999993532855262046e+01
5.164892277075084621e+02 1.999993371989906876e+01
5.354473656632476377e+02 1.999993208421074797e+01
5.551108887878674523e+02 1.999993042131406185e+01
5.754448918119495602e+02 1.999992873297575358e+01
5.965889164631112180e+02 1.999992701491647296e+01
6.184275884001505119e+02 1.999992527243137985e+01
6.411375274492879726e+02 1.999992349967565985e+01
6.646019863001407657e+02 1.999992170147920589e+01
6.889834635156216791e+02 1.999991987322337295e+01
7.141866455195854542e+02 1.999991801854841000e+01
7.403883632363643983e+02 1.999991613184746697e+01
7.674437202124421447e+02 1.999991421877388476e+01
7.955918187464593530e+02 1.999991227229229906e+01
8.246712658047898685e+02 1.999991029820537847e+01
8.548825955442008535e+02 1.999990829014877747e+01
8.861586806394234372e+02 1.999990625045609960e+01
9.185650637992213206e+02 1.999990417722370140e+01
9.522100566881664463e+02 1.999990206685652439e+01
9.869971677421701770e+02 1.999989992227320101e+01
1.023149500999798875e+03 1.999989773666392168e+01
1.060559370772551574e+03 1.999989551303555402e+01
1.099330629602870886e+03 1.999989324815966540e+01
1.139553929745550022e+03 1.999989093863744216e+01
1.181160838056278408e+03 1.999988858555058613e+01
1.224415625578176559e+03 1.999988617909013655e+01
1.269136145650239087e+03 1.999988372422545524e+01
1.315568238907271734e+03 1.999988121076207648e+01
1.363658219528336758e+03 1.999987863798713050e+01
1.413501905798246071e+03 1.999987600022762990e+01
1.465160328102429958e+03 1.999987329206289388e+01
1.518697134786651532e+03 1.999987050722531379e+01
1.574121004693213536e+03 1.999986764082522228e+01
1.631638328726245163e+03 1.999986467843795879e+01
1.691038438949133024e+03 1.999986162359421726e+01
1.752716591722422208e+03 1.999985844779660127e+01
1.816457934143620832e+03 1.999985515243346157e+01
1.882274734095908116e+03 1.999985172492550589e+01
1.950461429247185833e+03 1.999984812826660630e+01
2.020599787612704176e+03 1.999984437288387795e+01
2.093040772625940917e+03 1.999984039889616128e+01
2.167390703558286077e+03 1.999983620387697769e+01
2.243557853565109781e+03 1.999983174824204113e+01
2.321261166191392022e+03 1.999982700008204617e+01
2.400263686982790205e+03 1.999982190041554375e+01
2.480098626321496340e+03 1.999981641960422962e+01
2.560501573730429300e+03 1.999981049130685662e+01
2.641124984788198617e+03 1.999980405045826970e+01
2.721854991907194744e+03 1.999979700265995319e+01
2.802831492821088887e+03 1.999978922533596304e+01
2.884176595060648651e+03 1.999978058834121697e+01
2.966166524320993631e+03 1.999977092547108626e+01
3.049095785542715930e+03 1.999976004960483422e+01
3.121195990434160194e+03 1.999974949360913712e+01
3.191994984866370942e+03 1.999973768988588319e+01
3.269683987480307678e+03 1.999972324490988385e+01
3.350314299232756184e+03 1.999970678810007740e+01
3.431385789789234877e+03 1.999968886369519083e+01
3.511509663831305716e+03 1.999966991364945912e+01
3.590297757152774466e+03 1.999965020347717370e+01
3.669073350594016119e+03 1.999962957024800403e+01
3.747560650400274426e+03 1.999960823545249156e+01
3.826963686699427853e+03 1.999958602489063253e+01
3.906027972443636372e+03 1.999956345366388888e+01
3.986254456168314391e+03 1.999954023753339882e+01
4.065536447771478379e+03 1.999951715914241390e+01
4.146682954759619861e+03 1.999949352525715085e+01
4.228293329481949513e+03 1.999946995130439120e+01
4.310610419339795953e+03 1.999944650652217959e+01
4.393295546863640993e+03 1.999942336690298461e+01
4.477858877178618059e+03 1.999940021848510341e+01
4.564886194694808182e+03 1.999937703319929128e+01
4.654461490739851797e+03 1.999935392813899071e+01
4.747031437987809113e+03 1.999933090301296090e+01
4.841608388920941252e+03 1.999930829249889896e+01
4.939670895018965894e+03 1.999928578367207876e+01
5.042621549936697193e+03 1.999926319067900593e+01
5.148697207453527881e+03 1.999924098861299626e+01
5.259646637109010953e+03 1.999921887622885208e+01
5.376279803534650455e+03 1.999919678816793578e+01
5.497297679996542684e+03 1.999917506631709330e+01
5.622877194138412960e+03 1.999915369842405610e+01
5.755326898254435037e+03 1.999913234031667386e+01
5.891857000430819426e+03 1.999911146708839382e+01
6.034967725299615267e+03 1.999909067023899212e+01
6.183614583858649894e+03 1.999907011848491223e+01
6.336111545424349060e+03 1.999904997813249352e+01
6.493095051264972426e+03 1.999903007592561721e+01
6.657706481369035828e+03 1.999900998269761843e+01
6.822670369533058874e+03 1.999899050525433353e+01
6.991411071641990929e+03 1.999897112101193386e+01
7.165161266409748350e+03 1.999895164174367324e+01
7.343124620213162416e+03 1.999893213700983807e+01
7.522732559560197842e+03 1.999891283052408397e+01
7.707269009806935173e+03 1.999889333506687450e+01
7.895675318902888648e+03 1.999887375180489357e+01
8.086782954770165816e+03 1.999885417778629559e+01
8.281914444770172850e+03 1.999883445703870422e+01
8.483711418754068291e+03 1.999881497898161342e+01
8.686856203078159524e+03 1.999879843243993349e+01
8.893855187443688919e+03 1.999878474065279832e+01
9.107479194521747559e+03 1.999877379092853147e+01
9.321573007165077797e+03 1.999876587054423993e+01
9.539103154400061612e+03 1.999876063864374487e+01
9.761087191612810784e+03 1.999875569441913470e+01
9.984424707920867149e+03 1.999875041964637035e+01
1.021030773370058523e+04 1.999874474777700684e+01
1.043854661703288184e+04 1.999873863693811060e+01
1.066901241430345362e+04 1.999873204059091591e+01
1.090161786026597110e+04 1.999872490575986461e+01
1.113629492427590776e+04 1.999871717960940742e+01
1.137305624223069572e+04 1.999870879101088406e+01
1.161187670891553353e+04 1.999869968415664800e+01
1.185284287782017418e+04 1.999868976975327683e+01
1.209598485849597637e+04 1.999867898392703225e+01
1.234143669021166716e+04 1.999866722601329627e+01
1.258927694009819606e+04 1.999865442123552484e+01
1.283968451683362036e+04 1.999864045035799265e+01
1.309276178974239701e+04 1.999862523011755400e+01
1.334867565588962680e+04 1.999860864969861751e+01
1.360762256843457726e+04 1.999859058143413293e+01
1.386976508384915724e+04 1.999857091840981127e+01
1.413530414818011559e+04 1.999854953691490067e+01
1.440444817563338620e+04 1.999852630879622239e+01
1.467741908600311217e+04 1.999850110239888323e+01
1.495445284677297968e+04 1.999847378095882533e+01
1.523582371025362772e+04 1.999844418864627116e+01
1.552175511101679876e+04 1.999841219896013911e+01
1.581251316666564526e+04 1.999837766301600439e+01
1.610842814054149130e+04 1.999834040258990342e+01
1.640973588292427667e+04 1.999830028736241161e+01
1.671679044235439869e+04 1.999825712879611928e+01
1.702989328137843768e+04 1.999821076484408877e+01
1.734935863733525548e+04 1.999816102798389750e+01
1.767553756206468825e+04 1.999810773193899038e+01
1.800883074914473400e+04 1.999805066778121088e+01
1.834958017726889739e+04 1.999798965932756190e+01
1.869818314094836387e+04 1.999792450374756569e+01
1.905507234125425748e+04 1.999785499054742743e+01
1.942069975681420328e+04 1.999778090487233939e+01
1.979554513131662679e+04 1.999770202652666740e+01
2.018012861309948494e+04 1.999761812805503425e+01
2.057500329931913075e+04 1.999752897692797760e+01
2.098079480219946709e+04 1.999743431926411930e+01
2.139814447108272361e+04 1.999733391079592693e+01
2.182773189785382056e+04 1.999723004553088757e+01
2.227015449904899288e+04 1.999721310146318132e+01
2.272661053441093827e+04 1.999720384815980267e+01
2.319812576203918434e+04 1.999719328936613749e+01
2.368600125509608915e+04 1.999718129501136588e+01
2.419193013418140617e+04 1.999716772454143410e+01
2.471849823615220885e+04 1.999715240158650076e+01
2.526957941410230706e+04 1.999713511915285480e+01
2.585115668818695849e+04 1.999711560863845250e+01
2.647303653436716559e+04 1.999709348174542001e+01
2.715088104105803359e+04 1.999706823566048541e+01
2.790499014349982463e+04 1.999703938539653336e+01
2.874777109278027638e+04 1.999700716107503595e+01
2.966488783039920236e+04 1.999697324936791532e+01
3.063100531428484828e+04 1.999693973891007559e+01
3.163519201619930391e+04 1.999690772070417566e+01
3.269474224077088365e+04 1.999687688724665691e+01
3.382992338690008182e+04 1.999684636736229493e+01
3.501466822669606336e+04 1.999681594771628923e+01
3.618717969553894363e+04 1.999678594251132324e+01
3.729299352415274188e+04 1.999675657008410568e+01
3.834346574937608239e+04 1.999672679830849376e+01
3.940716924614485470e+04 1.999669424796569217e+01
4.059237056248790759e+04 1.999665550815538495e+01
4.193840681024428341e+04 1.999660977793191918e+01
4.342775569575485133e+04 1.999655906334768929e+01
4.498276322236404667e+04 1.999650782112588843e+01
4.522568352647601569e+04 1.999649807938136803e+01
4.556601250882160821e+04 1.999648570286083782e+01
4.686075960943412792e+04 1.999644348404202887e+01
4.842573311351713346e+04 1.999639225858578229e+01
5.004564991368912160e+04 1.999634045840372210e+01
5.172256820796992542e+04 1.999628802877374056e+01
5.346704448690295976e+04 1.999623442753322422e+01
5.526844761869246577e+04 1.999617955494205290e+01
5.712882501015052549e+04 1.999612321859501662e+01
5.905046828142563754e+04 1.999606528090265911e+01
6.104182670158258406e+04 1.999600546204890250e+01
6.310047591716991883e+04 1.999594378061260258e+01
6.522708273104304681e+04 1.999588017924651240e+01
6.742413098710926715e+04 1.999581457630688064e+01
6.969418164301969227e+04 1.999574682896398770e+01
7.203957669972142321e+04 1.999567689488746325e+01
7.446848971059470205e+04 1.999560448054622341e+01
7.698055217430327320e+04 1.999552963791125748e+01
7.957527539087730111e+04 1.999545233299627256e+01
8.225414348948546103e+04 1.999537255247830814e+01
8.502111744755131076e+04 1.999529018574293815e+01
8.789053934603757807e+04 1.999520482761027296e+01
9.084936440367461182e+04 1.999511681637272176e+01
9.391056144250597572e+04 1.999502578108135964e+01
9.707444183847548265e+04 1.999493168303077439e+01
1.003448479149415070e+05 1.999483445945873328e+01
1.037235148958564678e+05 1.999473399793195938e+01
1.072207226054286293e+05 1.999463005716695818e+01
1.108309143523290404e+05 1.999452278287442653e+01
1.145626554932259896e+05 1.999441187260338637e+01
1.184249903546097921e+05 1.999429713812712350e+01
1.224156997566100326e+05 1.999417859133061626e+01
1.265398237169759523e+05 1.999405608096833831e+01
1.308026381372540054e+05 1.999392951073395963e+01
1.352091987792862055e+05 1.999379870056404940e+01
1.397637937890597968e+05 1.999366349693848832e+01
1.444709732073059131e+05 1.999352374813249611e+01
1.493368924798512598e+05 1.999337931214656194e+01
1.543705871252551733e+05 1.999322988409222646e+01
1.595704844188182615e+05 1.999307550397690036e+01
1.649459315289751976e+05 1.999291598986332019e+01
1.705029750074192416e+05 1.999275105543778608e+01
1.762481613967414887e+05 1.999258048779704211e+01
1.821841708035246120e+05 1.999240422632300351e+01
1.883215283679643180e+05 1.999222196680149821e+01
1.946671065145969915e+05 1.999203348955094484e+01
2.012252879650515679e+05 1.999183876633150803e+01
2.080038876304189325e+05 1.999163739283010699e+01
2.150100322146689577e+05 1.999142925022629314e+01
2.222550718344360357e+05 1.999121391391454239e+01
2.297435298425727524e+05 1.999099127170058665e+01
2.374804271337485989e+05 1.999076123955889273e+01
2.454832043635829468e+05 1.999052318784669779e+01
2.537529109214458731e+05 1.999027709226403005e+01
2.623002756452296162e+05 1.999002259547073734e+01
2.711360599306543008e+05 1.998975942816861107e+01
2.802707376084312564e+05 1.998948715914286822e+01
2.897136421009339974e+05 1.998920559680166065e+01
2.994734798081427580e+05 1.998891435430659769e+01
3.095599150862964452e+05 1.998861327042322600e+01
3.199895546854377026e+05 1.998830167259391288e+01
3.307689429230106180e+05 1.998797939443216620e+01
3.419113697373386240e+05 1.998764600473753816e+01
3.534291809887623531e+05 1.998730107980283677e+01
3.653349617930501117e+05 1.998694411332230203e+01
3.776397148076627636e+05 1.998657491025215194e+01
3.903630457076646853e+05 1.998619277936967364e+01
4.035136805457946029e+05 1.998579725486343150e+01
4.171053330862383009e+05 1.998538796351328628e+01
4.311550152319355984e+05 1.998496440384826300e+01
4.456793905697859591e+05 1.998452595389027664e+01
4.606902064126163023e+05 1.998407217325268803e+01
4.762101570592676871e+05 1.998360220441179536e+01
4.922497142246875446e+05 1.998311587966021818e+01
5.088312428596374230e+05 1.998261218592569577e+01
5.259681083867155248e+05 1.998209067861715837e+01
5.436842994468031684e+05 1.998155067163478549e+01
5.619993666631146334e+05 1.998099119357926412e+01
5.809317090901543852e+05 1.998041165437787470e+01
6.004987808236901183e+05 1.997981142250208464e+01
6.207242343789527658e+05 1.997918966584948564e+01
6.416285370238532778e+05 1.997854548642039063e+01
6.632378986430731602e+05 1.997787786999051463e+01
6.855751254933725577e+05 1.997718608106526261e+01
7.086661038883253932e+05 1.997646889930293668e+01
7.325323795802302193e+05 1.997572569280780641e+01
7.572022893636903027e+05 1.997495503306801368e+01
7.827067466700603254e+05 1.997415593388819133e+01
8.090715355275606271e+05 1.997332713427140050e+01
8.363156340227985056e+05 1.997246784571408540e+01
8.644734396407720633e+05 1.997157659528657447e+01
8.935803742463588715e+05 1.997065196498623507e+01
9.236654007139573805e+05 1.996969264248143006e+01
9.547575914799704915e+05 1.996869736666441852e+01
9.869032616678294726e+05 1.996766422635975857e+01
1.020132420675085858e+06 1.996659179880705892e+01
1.054469984725844348e+06 1.996547928192986276e+01
1.089972823190017836e+06 1.996432418619800231e+01
1.126663099509110674e+06 1.996312526224706474e+01
1.164592086441017222e+06 1.996188014540192057e+01
1.203790869296547025e+06 1.996058724276356955e+01
1.244316715545006096e+06 1.995924390736626819e+01
1.286206432562586851e+06 1.995784808527247733e+01
1.329490333475228399e+06 1.995639801602595043e+01
1.374237524924995145e+06 1.995489049457012953e+01
1.420468921450349037e+06 1.995332374538972786e+01
1.468263322425216204e+06 1.995169413194694386e+01
1.517664632395145018e+06 1.994999881217118443e+01
1.568722760805652710e+06 1.994823486977225002e+01
1.621510510327345692e+06 1.994639836269447386e+01
1.676061714071257040e+06 1.994448671925089656e+01
1.732447147949630860e+06 1.994249583135193404e+01
1.790722968863984570e+06 1.994042185423894509e+01
1.850943116858676542e+06 1.993826120755605302e+01
1.913207827780283056e+06 1.993600781855137072e+01
1.977565024495903635e+06 1.993365790412484984e+01
2.044052213960343739e+06 1.993120779286773114e+01
2.112786951565190684e+06 1.992865020870413417e+01
2.183819219854701776e+06 1.992598050961532508e+01
2.257217072426695842e+06 1.992319305212336644e+01
2.333059939216771629e+06 1.992028135980294223e+01
2.411458470965525601e+06 1.991723714256720257e+01
2.492470927331234328e+06 1.991405434620597603e+01
2.576175473919759504e+06 1.991072560931334934e+01
2.662686180657338817e+06 1.990724127125462672e+01
2.752067814429818653e+06 1.990359395366076001e+01
2.844423660785466433e+06 1.989977362848729570e+01
2.939849076444629580e+06 1.989577030090274690e+01
3.038430120749544352e+06 1.989157361674912039e+01
3.140274951744136401e+06 1.988717185499236351e+01
3.245483739333751611e+06 1.988255276352715839e+01
3.354153017554638907e+06 1.987770377452910964e+01
3.466393444177211262e+06 1.987261037148382314e+01
3.582302527874285355e+06 1.986725832566382977e+01
3.701983722080327105e+06 1.986163212831133862e+01
3.825547141465567052e+06 1.985571443122575630e+01
3.953093869898605626e+06 1.984948738908223476e+01
4.084727822545927949e+06 1.984293209093317500e+01
4.220545038522560149e+06 1.983602897042234048e+01
4.360606071529549547e+06 1.982875881520358519e+01
4.505003192518298514e+06 1.982109938737156440e+01
4.653855608713000081e+06 1.981302574441245312e+01
4.807146782139209099e+06 1.980451968871448187e+01
4.965020837384389713e+06 1.979555240601187194e+01
5.127373765094422735e+06 1.978610887790435413e+01
5.294182973236735910e+06 1.977616884394858943e+01
5.465328147892494686e+06 1.976571886182738425e+01
5.640676289435731247e+06 1.975474721143505974e+01
5.820100259515448473e+06 1.974324430633021876e+01
6.003373750158598647e+06 1.973121293481381144e+01
6.190304043515737168e+06 1.971865694222800869e+01
6.233649173568764701e+06 1.971570555594324503e+01
6.277126610443078913e+06 1.971273040699246337e+01
6.320751879767202772e+06 1.970973053917769136e+01
6.364523393918531016e+06 1.970670621177828608e+01
6.408393619824109599e+06 1.970366084098276360e+01
6.452390398091061972e+06 1.970059264698092250e+01
6.496473313883295283e+06 1.969750467134971217e+01
6.540654473823656328e+06 1.969439625692970353e+01
6.584893299900046550e+06 1.969127049989860723e+01
6.629192874390174635e+06 1.968812744855272712e+01
6.673551856698820367e+06 1.968496750483475211e+01
6.717945050650410354e+06 1.968179277258675341e+01
6.762352753355412744e+06 1.967860501274255469e+01
6.806770338431079872e+06 1.967540497919227249e+01
6.851153732269005850e+06 1.967219626618597061e+01
6.895508177511634305e+06 1.966897888146410622e+01
6.939815822687070817e+06 1.966575474363885689e+01
6.983977684660376050e+06 1.966253154529806224e+01
7.028075191377670504e+06 1.965930411059532545e+01
7.072044246979797259e+06 1.965607798464339595e+01
7.115897236800455488e+06 1.965285314937968764e+01
7.159554701940372586e+06 1.964963633730990011e+01
7.203049905472861603e+06 1.964642622863734545e+01
7.246407532388457097e+06 1.964322182636673730e+01
7.289488240583196282e+06 1.964003441946177375e+01
7.332310567281052470e+06 1.963686355718892784e+01
7.374849788954815827e+06 1.963371202316529818e+01
7.417100591010335833e+06 1.963058104135233961e+01
7.458967841653177515e+06 1.962747874134034376e+01
7.500469928930769674e+06 1.962440455676364337e+01
7.541621296440612525e+06 1.962135839544108151e+01
7.582418416507307440e+06 1.961834141137642007e+01
7.622572076094316319e+06 1.961537622461979424e+01
7.662477008796205744e+06 1.961243472703822377e+01
7.701885228404572234e+06 1.960953595122774473e+01
7.741154115418519825e+06 1.960665470419306899e+01
7.779940988284042105e+06 1.960381738032127430e+01
7.818416824562219903e+06 1.960101239268063011e+01
7.856479691979302093e+06 1.959824813888172201e+01
7.893983919592645951e+06 1.959553594733235826e+01
7.931021256864700466e+06 1.959286987739892894e+01
7.967647169816624373e+06 1.959024668753539444e+01
8.003755758048292249e+06 1.958767455261206791e+01
8.039455005233583041e+06 1.958514638100165683e+01
8.074707856843028218e+06 1.958266524652540852e+01
8.109521765908338130e+06 1.958023105509412432e+01
8.143861539725957438e+06 1.957784656507018184e+01
8.177687482361001894e+06 1.957551481796087245e+01
8.211153946311013773e+06 1.957322529582590676e+01
8.244146497357922606e+06 1.957098601885221001e+01
8.276666013386225328e+06 1.956879698207364271e+01
8.308623279085176997e+06 1.956666410469156503e+01
8.340361425538495183e+06 1.956456461200738417e+01
8.371679365719025955e+06 1.956251188044291567e+01
8.402487515743244439e+06 1.956051170826454921e+01
8.433258840820264071e+06 1.955853322284621498e+01
8.463596906905172393e+06 1.955660200520618019e+01
8.493881025922790170e+06 1.955469376349316235e+01
8.531098270448200405e+06 1.954337966438572849e+01
8.575204914162134752e+06 1.951178906000500035e+01
8.614537853934720159e+06 1.947706713006177992e+01
8.654451049743231386e+06 1.944204711718210632e+01
8.689362765239987522e+06 1.941155973289016146e+01
8.723493001000024378e+06 1.938180114344919502e+01
8.758180513474049047e+06 1.935155395191155492e+01
8.794199455218011513e+06 1.932008830294373780e+01
8.831423189762422815e+06 1.928742429827732963e+01
8.865705507214227691e+06 1.925710185615445624e+01
8.890343928438005969e+06 1.923506490520689738e+01
8.906833320014651865e+06 1.922014101919855378e+01
8.918345775411179289e+06 1.920959994979829233e+01
8.926954897511042655e+06 1.920162691811475497e+01
8.933607148288723081e+06 1.919539751214280443e+01
8.938914688167244196e+06 1.919037179442915431e+01
8.943272508698120713e+06 1.918683005037053846e+01
8.946934836357569322e+06 1.918558627917781934e+01
8.949951625857366249e+06 1.918534110637371626e+01
8.952451801613468677e+06 1.918516347168184666e+01
8.954578852690063417e+06 1.918500765570873767e+01
8.956379586137888953e+06 1.918487133001609024e+01
8.957903357444263995e+06 1.918475216803960848e+01
8.959202680050689727e+06 1.918464722189794358e+01
8.960300684816109017e+06 1.918455550525411724e+01
8.961228441463375464e+06 1.918447531561567132e+01
8.962025172609098256e+06 1.918440431738848417e+01
8.962704111946338788e+06 1.918434186417947274e+01
8.963278016640409827e+06 1.918428729376640973e+01
8.963767048433175310e+06 1.918423932995596459e+01
8.964184266858521849e+06 1.918419713331120136e+01
8.964540300147242844e+06 1.918416000762470475e+01
8.964846823462357745e+06 1.918412710012317035e+01
8.965110880498353392e+06 1.918409790280463056e+01
8.965342850599899888e+06 1.918407153339607518e+01
8.965549895772559568e+06 1.918404736249821951e+01
8.965740744159266353e+06 1.918402450327426578e+01
8.965922224467452615e+06 1.918400223456315601e+01
8.966100869327154011e+06 1.918397981785690831e+01
8.966293771101728082e+06 1.918395514609924746e+01
8.966510227214613929e+06 1.918392703569988100e+01
8.966760054965330288e+06 1.918389421527817618e+01
8.967042367883896455e+06 1.918385693284102089e+01
8.967416469262318686e+06 1.918380774165233049e+01
8.967773329301755875e+06 1.918376152869533513e+01
8.968087332746703178e+06 1.918372197792791312e+01
8.968367682739689946e+06 1.918368782508217762e+01
8.968623673818306997e+06 1.918365767135371769e+01
8.968857022875284776e+06 1.918363128939394002e+01
8.969069515174631029e+06 1.918360832920327042e+01
8.969268434026975185e+06 1.918358779267322589e+01
8.969456393602782860e+06 1.918356918223486218e+01
8.969647713322577998e+06 1.918355094929178151e+01
8.969831777110187337e+06 1.918353395453151222e+01
8.970014076682770625e+06 1.918351759271872226e+01
8.970188254693318158e+06 1.918350230020410052e+01
8.970368979797719046e+06 1.918348673438084973e+01
8.970545270780213177e+06 1.918347176936886456e+01
8.970730343115158379e+06 1.918345627539185472e+01
8.970908011445416138e+06 1.918344156079391283e+01
8.971088537962349132e+06 1.918341816008917888e+01
8.971267700173020363e+06 1.918333096572898455e+01
8.971464426304347813e+06 1.918309899529266360e+01
8.971657252595365047e+06 1.918286385705578923e+01
8.971856586993252859e+06 1.918261814856104763e+01
8.972065528751229867e+06 1.918235761109491833e+01
8.972283929833363742e+06 1.918208218343715288e+01
8.972509450110767037e+06 1.918179474469728518e+01
8.972740768816024065e+06 1.918149727138256821e+01
8.972974404351787642e+06 1.918119471297907097e+01
8.973208625134078786e+06 1.918088997748488111e+01
8.973435389815093949e+06 1.918059434401803287e+01
8.973666306401662529e+06 1.918029363157116407e+01
8.973881892483979464e+06 1.918001345993627638e+01
8.974095982859633863e+06 1.917973653667529277e+01
8.974306343769855797e+06 1.917946610342798408e+01
8.974508687173290178e+06 1.917920775872910966e+01
8.974704793444501236e+06 1.917895908409117567e+01
8.974895991663284600e+06 1.917871833449457597e+01
8.975081801449537277e+06 1.917848604569492110e+01
8.975262142901817337e+06 1.917826221566570055e+01
8.975438985643779859e+06 1.917804428903679792e+01
8.975611374379381537e+06 1.917783325792307281e+01
8.975781465190628543e+06 1.917762644394892391e+01
8.975947234760213643e+06 1.917742632358968535e+01
8.976110151361089200e+06 1.917723089380514523e+01
8.976270193205086514e+06 1.917704010283243221e+01
8.976427084171470255e+06 1.917685426666488979e+01
8.976581405464027077e+06 1.917667261218290164e+01
8.976734066041622311e+06 1.917649402543101544e+01
8.976884010145256296e+06 1.917631970986782974e+01
8.977031622844498605e+06 1.917614918351411291e+01
8.977177232720412314e+06 1.917598195269927430e+01
8.977320434993727133e+06 1.917581843044393253e+01
8.977462257835222408e+06 1.917565746084482114e+01
8.977602100642928854e+06 1.917549960630433148e+01
8.977740131791979074e+06 1.917534463969875702e+01
8.977875876058774069e+06 1.917519305504112381e+01
8.978010855739036575e+06 1.917504309234409732e+01
8.978145331591179594e+06 1.917489453032019497e+01
8.978277451618220657e+06 1.917474939120336330e+01
8.978408345919743180e+06 1.917460629455793253e+01
8.978538942589415237e+06 1.917446434076064676e+01
8.978667482915215194e+06 1.917432534681113765e+01
8.978795425087124109e+06 1.917418770978020603e+01
8.978922305647408590e+06 1.917405196565174208e+01
8.979048352033466101e+06 1.917391782238853892e+01
8.979173380003834143e+06 1.917378543393241586e+01
8.979296885816739872e+06 1.917365537554375621e+01
8.979420106729416177e+06 1.917352625214659056e+01
8.979542548459094018e+06 1.917339863575117676e+01
8.979664449260838330e+06 1.917327230258699089e+01
8.979785696964429691e+06 1.917314729999951339e+01
8.979905464820362628e+06 1.917302451950244446e+01
8.980025489699717611e+06 1.917290216642797063e+01
8.980143882440607995e+06 1.917278215717174561e+01
8.980261886464491487e+06 1.917266322508932674e+01
8.980379287185911089e+06 1.917254560184374412e+01
8.980496024996973574e+06 1.917242933076000355e+01
8.980612047109739855e+06 1.917231444325765466e+01
8.980727559759378433e+06 1.917220076369685700e+01
8.980842414860762656e+06 1.917208838682865135e+01
8.980956785522956401e+06 1.917197716500826132e+01
8.981070884749434888e+06 1.917186688098863101e+01
8.981184284960167482e+06 1.917175794402126954e+01
8.981297735504373908e+06 1.917164963349751972e+01
8.981410269459716976e+06 1.917154285107595157e+01
8.981522228974115103e+06 1.917143724285406137e+01
8.981634272056035697e+06 1.917133217968970627e+01
8.981745232783539221e+06 1.917122877008424808e+01
8.981856195204081014e+06 1.917112597395581020e+01
8.981966771679369733e+06 1.917102412631391672e+01
8.982077633040454239e+06 1.917092264018245018e+01
8.982187348386064172e+06 1.917082279266760381e+01
8.982297034420909360e+06 1.917072353180094879e+01
8.982406690404582769e+06 1.917062486583519032e+01
8.982516253908503801e+06 1.917052687493244179e+01
8.982625542312381789e+06 1.917042967147619947e+01
8.982734659348472953e+06 1.917033318224197203e+01
8.982843105892516673e+06 1.917023778156102765e+01
8.982951974167436361e+06 1.917014251741213826e+01
8.983060690361753106e+06 1.917004789084944960e+01
8.983169437072644010e+06 1.916995369558904372e+01
8.983278189461933449e+06 1.916985998339505315e+01
8.983386857773730531e+06 1.916976673771654305e+01
8.983496000792184845e+06 1.916967356502627950e+01
8.983605237992562354e+06 1.916958068374469448e+01
8.983715136273143813e+06 1.916948767371784967e+01
8.983825360845847055e+06 1.916939476956314792e+01
8.983936260216508061e+06 1.916930168121070821e+01
8.984048074579354376e+06 1.916920823372722182e+01
8.984160357455434278e+06 1.916911473915787667e+01
8.984273351505618542e+06 1.916902105059973849e+01
8.984387638231193647e+06 1.916892663326937196e+01
8.984502989617887884e+06 1.916883171603245017e+01
8.984619525099970400e+06 1.916873618760911313e+01
8.984737333524940535e+06 1.916863995930271258e+01
8.984856488764805719e+06 1.916854301695261853e+01
8.984977071715686470e+06 1.916844523885622920e+01
8.985099630866115913e+06 1.916834624187866254e+01
8.985223857005413622e+06 1.916824625297807927e+01
8.985350070205647498e+06 1.916814501497890433e+01
8.985478590267550200e+06 1.916804233311211547e+01
8.985609125271568075e+06 1.916793838767274849e+01
8.985742501436606050e+06 1.916783259007087992e+01
8.985878417396325618e+06 1.916772516597909970e+01
8.986017024396659806e+06 1.916761599138974148e+01
8.986159172009512782e+06 1.916750448523781003e+01
8.986304039650633931e+06 1.916739122231782844e+01
8.986452468151021749e+06 1.916727561188313445e+01
8.986604568503310904e+06 1.916715757339963488e+01
8.986760332210524008e+06 1.916703709551687496e+01
8.986920996876720339e+06 1.916691333480080317e+01
8.987085945720277727e+06 1.916678670722972910e+01
8.987255889410693198e+06 1.916665672513948593e+01
8.987431858987402171e+06 1.916652266860945630e+01
8.987613138329135254e+06 1.916638505075803423e+01
8.987801009822800756e+06 1.916624300797408509e+01
8.987995561834795401e+06 1.916609644974669990e+01
8.988197396140504628e+06 1.916594496412704984e+01
8.988408351547192782e+06 1.916578729019263250e+01
8.988626555849757046e+06 1.916562475208935723e+01
8.988855326191056520e+06 1.916545500857478146e+01
8.989095088935881853e+06 1.916527776943617312e+01
8.989348187675522640e+06 1.916509139071608558e+01
8.989614059835664928e+06 1.916489640489704627e+01
8.989893773412844166e+06 1.916469198357020431e+01
8.990191210197387263e+06 1.916447547116049677e+01
8.990507484333664179e+06 1.916424608977485988e+01
8.990845144696703181e+06 1.916400211449680668e+01
8.991209066400263458e+06 1.916374022007137512e+01
8.991599499290823936e+06 1.916346027666280349e+01
8.992024415309602395e+06 1.916315148142297886e+01
8.992488131273102015e+06 1.916279069899075438e+01
8.992897889505961910e+06 1.916244482511089231e+01
8.993339227056980133e+06 1.916204854625388521e+01
8.993820781787889078e+06 1.916158957571959220e+01
8.994342122106282040e+06 1.916106348044397834e+01
8.994923729682385921e+06 1.916043897751110237e+01
8.995550668561976403e+06 1.915972724434366370e+01
8.996230928119048476e+06 1.915891427029934846e+01
8.996965029787085950e+06 1.915798997247114599e+01
8.997769422190316021e+06 1.915692058901816708e+01
8.998633557560661808e+06 1.915571788096119832e+01
8.999575341426316649e+06 1.915434403239137495e+01
9.000567505049925297e+06 1.915282627883434685e+01
9.001609453893294558e+06 1.915116539367961224e+01
9.002743314256999642e+06 1.914927405811025807e+01
9.003937501679452136e+06 1.914720134602447388e+01
9.005198005983892828e+06 1.914492985019089133e+01
9.006488168822726235e+06 1.914256211334159019e+01
9.007815024755030870e+06 1.914011742216575129e+01
9.009204255123773590e+06 1.913754703017547243e+01
9.010618031952036545e+06 1.913492089010502539e+01
9.012096508815515786e+06 1.913216227128705782e+01
9.013608074696898460e+06 1.912933144942134334e+01
9.015157561890900135e+06 1.912641521947586654e+01
9.016739021830307320e+06 1.912342529851802908e+01
9.018414308740032837e+06 1.912024199100885369e+01
9.020124701631698757e+06 1.911697734087951162e+01
9.025275263328071684e+06 1.910705227741395618e+01
9.031167622555658221e+06 1.909554779965218074e+01
9.037975863148747012e+06 1.908207328731987218e+01
9.045771896954646334e+06 1.906643155330435846e+01
9.054283679261762649e+06 1.904909708543923941e+01
9.063298045891594142e+06 1.903045228485541784e+01
9.072251054508106783e+06 1.901162706626621102e+01
9.080725627807285637e+06 1.899348868829777359e+01
9.088379897588096559e+06 1.897678836467143526e+01
9.095616978534368798e+06 1.896067585566458646e+01
9.102433117363480851e+06 1.894518326583000700e+01
9.108873000606276095e+06 1.893023056929749970e+01
9.115205834302825853e+06 1.891520189121256479e+01
9.121455444909077138e+06 1.890003809870675155e+01
9.127677169479001313e+06 1.888459775912662053e+01
9.133757156751666218e+06 1.886916538678868704e+01
9.139654081588046625e+06 1.885385351941227228e+01
9.145264686475411057e+06 1.883894527013852027e+01
9.150541365371368825e+06 1.882459941433143413e+01
9.155570157761329785e+06 1.881060790856684761e+01
9.160287965182680637e+06 1.879717700397592495e+01
9.164716670213066041e+06 1.878427725027110995e+01
9.169070135704858229e+06 1.877130188889515239e+01
9.173288424383779988e+06 1.875843791707185204e+01
9.177332428563147783e+06 1.874582161129279356e+01
9.181166485715946183e+06 1.873358632757860320e+01
9.184736258443010971e+06 1.872193250311735824e+01
9.187985152018025517e+06 1.871108204201891567e+01
9.190973193552635610e+06 1.870087562392726710e+01
9.193665245481489226e+06 1.869147278654938304e+01
9.196038957924181595e+06 1.868299071778066178e+01
9.198065823375077918e+06 1.867558150737434275e+01
9.199770746243581176e+06 1.866920453632498678e+01
9.201212407336944714e+06 1.866368714903868309e+01
9.202410532423507422e+06 1.865899612646662575e+01
9.203408053804390132e+06 1.865500059322827298e+01
9.204237836809253320e+06 1.865160049439333889e+01
9.204945866098625585e+06 1.864863212690369920e+01
9.205571462408293039e+06 1.864594876187772599e+01
9.206140610696561635e+06 1.864345112053791453e+01
9.206782272750662640e+06 1.864056567926209951e+01
9.207827989109858871e+06 1.863575571301454303e+01
9.208866501409141347e+06 1.863087690493776449e+01
9.209804203251738101e+06 1.862637773497509741e+01
9.210632655502472073e+06 1.862231924068212763e+01
9.211374139139790088e+06 1.861861080745741859e+01
9.212046557377863675e+06 1.861517868107323892e+01
9.212665616982258856e+06 1.861195478199429942e+01
9.213239169227924198e+06 1.860890877336299809e+01
9.213775023032134399e+06 1.860600752993925155e+01
9.214278891610093415e+06 1.860322786163823849e+01
9.214753110202630982e+06 1.860056375144276331e+01
9.215201669817812741e+06 1.859799874879566062e+01
9.215629181765604764e+06 1.859551221803430110e+01
9.216039344217959791e+06 1.859308728446430337e+01
9.216474388327963650e+06 1.859047394698288969e+01
9.217024053419455886e+06 1.858712671007025108e+01
9.217612265739513561e+06 1.858350359849593048e+01
9.218149535270350054e+06 1.858015043072344952e+01
9.218631514028456062e+06 1.857710587436341498e+01
9.219099381548926234e+06 1.857411871031943917e+01
9.219948045068625361e+06 1.856863325389375063e+01
9.221632771681459621e+06 1.855769355476011384e+01
9.223818490628836676e+06 1.854349737256981356e+01
9.226835280395440757e+06 1.852355650129873865e+01
9.235655771943598986e+06 1.846162810834169576e+01
9.350142311689574271e+06 1.761331941183948757e+01
9.474177950069148093e+06 1.665220901617449556e+01
9.593249670969951898e+06 1.568948357635943047e+01
9.698729308549219742e+06 1.480500378125659999e+01
9.782623927295720205e+06 1.408041267022978360e+01
9.840384373506220058e+06 1.357007170167659993e+01
9.872173474697262049e+06 1.328364408886961812e+01
9.884233594777371734e+06 1.317258884641370287e+01
9.888700728961629793e+06 1.313056560774612436e+01
9.890360261407222599e+06 1.311471887188590379e+01
9.890621165584014729e+06 1.311221136069108795e+01
9.890851656511340290e+06 1.310999200101091589e+01
9.891065990057673305e+06 1.310792557589467044e+01
9.891160670681001619e+06 1.310701105984341197e+01
9.891248413717409596e+06 1.310616132828457658e+01
9.891432798876035959e+06 1.310437974376281289e+01
9.891632311976956204e+06 1.310244187315989173e+01
9.891835353809507564e+06 1.310045494076363681e+01
9.892034046224096790e+06 1.309849230854137758e+01
9.892229238043949008e+06 1.309654177862985591e+01
9.892420378635987639e+06 1.309460648763018398e+01
9.892607910935889930e+06 1.309268049341349816e+01
9.892796893077384681e+06 1.309071060646799722e+01
9.892987225150816143e+06 1.308869627740899766e+01
9.893180123395703733e+06 1.308662321215756563e+01
9.893376744618851691e+06 1.308447754876160118e+01
9.893578196544317529e+06 1.308224517156435418e+01
9.893784879355706275e+06 1.307991952833158322e+01
9.893997198127988726e+06 1.307749379342256901e+01
9.894215530817223713e+06 1.307496186994772813e+01
9.894445312312211841e+06 1.307226234749397520e+01
9.894687538662806153e+06 1.306938209874098966e+01
9.894945831009440124e+06 1.306627747212142765e+01
9.895226339660216123e+06 1.306287358382393293e+01
9.895529021450363100e+06 1.305917159180996379e+01
9.895853011038778350e+06 1.305518637265020132e+01
9.896194711236394942e+06 1.305096864568372972e+01
9.896545466474674642e+06 1.304663316883189061e+01
9.896895657991692424e+06 1.304230831115889444e+01
9.897241605172533542e+06 1.303804760073932734e+01
9.897583853609934449e+06 1.303384996690228803e+01
9.897920141983695328e+06 1.302974679917837975e+01
9.898251200244998559e+06 1.302573009554325978e+01
9.898577787798337638e+06 1.302178914815229938e+01
9.898898750098608434e+06 1.301793497968837343e+01
9.899213171766966581e+06 1.301417691516075870e+01
9.899518498274918646e+06 1.301053906924771297e+01
9.899813263365609571e+06 1.300703083040660246e+01
9.900099824272535741e+06 1.300361723882665821e+01
9.900376800092656165e+06 1.300031216666209488e+01
9.900623320587892085e+06 1.299735839120438463e+01
9.900848861304899678e+06 1.299464362031921993e+01
9.901052588266460225e+06 1.299217689442916424e+01
9.901198066384991631e+06 1.299040422596733535e+01
9.901309919446198270e+06 1.298903553238246111e+01
9.901410410091714934e+06 1.298780282739697434e+01
9.901503053699498996e+06 1.298666405220112985e+01
9.901588815886866301e+06 1.298560798411102724e+01
9.901670441889433190e+06 1.298460144767469160e+01
9.901746046049127355e+06 1.298366793895936766e+01
9.901817809114597738e+06 1.298278093252702803e+01
9.901886005396712571e+06 1.298193737607104126e+01
9.901950821432314813e+06 1.298113500241505491e+01
9.902015858776362613e+06 1.298032969395897851e+01
9.902080704554144293e+06 1.297952652251095529e+01
9.902145225588828325e+06 1.297872714430823038e+01
9.902184340554516762e+06 1.297824235870589860e+01
9.902212882992323488e+06 1.297789539761437538e+01
9.902229842750951648e+06 1.297769205898009304e+01
9.902252422323226929e+06 1.297741651397605800e+01
9.902289367178529501e+06 1.297696268619763060e+01
9.902370879181202501e+06 1.297595992388191100e+01
9.902494082152957097e+06 1.297443953466594557e+01
9.902630247535681352e+06 1.297274608459196799e+01
9.902761216844804585e+06 1.297110288535514044e+01
9.902890604896571487e+06 1.296946589706268149e+01
9.903023370441960171e+06 1.296777193319484667e+01
9.903147861771611497e+06 1.296617085576644257e+01
9.903272006249591708e+06 1.296456207659056403e+01
9.903388443778852001e+06 1.296304268794016679e+01
9.903501318582862616e+06 1.296155974177093384e+01
9.903609290460934862e+06 1.296013246760563398e+01
9.903711073974598199e+06 1.295877961383643751e+01
9.903807407084878534e+06 1.295749263231103221e+01
9.903898506997829303e+06 1.295627003184172032e+01
9.903983199948895723e+06 1.295512868053682176e+01
9.904061407640082762e+06 1.295407086292907373e+01
9.904134491151105613e+06 1.295307886953185239e+01
9.904202299818970263e+06 1.295215589003781709e+01
9.904265048832882196e+06 1.295129919869817670e+01
9.904323618406305090e+06 1.295049786513510526e+01
9.904377202856522053e+06 1.294976281743916502e+01
9.904427324596408755e+06 1.294907382397413009e+01
9.904473965804098174e+06 1.294843140713076934e+01
9.904516913852462545e+06 1.294783871171538259e+01
9.904557216350886971e+06 1.294728141420796419e+01
9.904595542902730405e+06 1.294675049281052992e+01
9.904632299445657060e+06 1.294624071537339560e+01
9.904668555974623188e+06 1.294573720599645839e+01
9.904706485218087211e+06 1.294520986015766084e+01
9.904748329267427325e+06 1.294462730930349537e+01
9.904795087084010243e+06 1.294397592832558885e+01
9.904867730887580663e+06 1.294296477790163813e+01
9.904935928602917120e+06 1.294201621396397428e+01
9.904964949551267549e+06 1.294161300951921945e+01
9.904982505250211805e+06 1.294136940751528897e+01
9.904994541463548318e+06 1.294120254100015899e+01
9.905001942527674139e+06 1.294110006508956978e+01
9.905008219086449593e+06 1.294101319243678105e+01
9.905012506367847323e+06 1.294095392232738817e+01
9.905016793649243191e+06 1.294089465221799351e+01
