1.0000e+00 5.3808e-18 2.7668e-16 5.3808e-18 2.7668e-16 
1.2303e+00 7.3425e-18 3.7755e-16 7.3425e-18 3.7755e-16 
1.5136e+00 1.0019e-17 5.1521e-16 1.0019e-17 5.1521e-16 
1.8621e+00 1.3672e-17 7.0304e-16 1.3672e-17 7.0304e-16 
2.2909e+00 1.8657e-17 9.5936e-16 1.8657e-17 9.5936e-16 
2.8184e+00 2.5459e-17 1.3091e-15 2.5459e-17 1.3091e-15 
3.4674e+00 3.4741e-17 1.7864e-15 3.4741e-17 1.7864e-15 
4.2658e+00 4.7407e-17 2.4377e-15 4.7407e-17 2.4377e-15 
5.2481e+00 6.4691e-17 3.3264e-15 6.4691e-17 3.3264e-15 
6.4565e+00 8.8276e-17 4.5392e-15 8.8276e-17 4.5392e-15 
7.9433e+00 1.2046e-16 6.1941e-15 1.2046e-16 6.1941e-15 
9.7724e+00 1.6438e-16 8.4524e-15 1.6438e-16 8.4524e-15 
1.2023e+01 2.2431e-16 1.1534e-14 2.2431e-16 1.1534e-14 
1.4791e+01 3.0609e-16 1.5739e-14 3.0609e-16 1.5739e-14 
1.8197e+01 4.1768e-16 2.1477e-14 4.1768e-16 2.1477e-14 
2.2387e+01 5.6996e-16 2.9308e-14 5.6996e-16 2.9308e-14 
2.7542e+01 7.7776e-16 3.9993e-14 7.7776e-16 3.9993e-14 
3.3884e+01 1.0613e-15 5.4573e-14 1.0613e-15 5.4573e-14 
4.1687e+01 1.4483e-15 7.4470e-14 1.4483e-15 7.4470e-14 
5.1286e+01 1.9763e-15 1.0162e-13 1.9763e-15 1.0162e-13 
6.3096e+01 2.6968e-15 1.3867e-13 2.6968e-15 1.3867e-13 
7.7625e+01 3.6800e-15 1.8923e-13 3.6800e-15 1.8923e-13 
9.5499e+01 5.0216e-15 2.5821e-13 5.0216e-15 2.5821e-13 
1.1749e+02 6.8524e-15 3.5235e-13 6.8524e-15 3.5235e-13 
1.4454e+02 9.3507e-15 4.8082e-13 9.3507e-15 4.8082e-13 
1.7783e+02 1.2760e-14 6.5612e-13 1.2760e-14 6.5612e-13 
2.1878e+02 1.7412e-14 8.9532e-13 1.7412e-14 8.9532e-13 
2.6915e+02 2.3760e-14 1.2217e-12 2.3760e-14 1.2217e-12 
3.3113e+02 3.2422e-14 1.6672e-12 3.2422e-14 1.6672e-12 
4.0738e+02 4.4243e-14 2.2750e-12 4.4243e-14 2.2750e-12 
5.0119e+02 6.0373e-14 3.1044e-12 6.0373e-14 3.1044e-12 
6.1660e+02 8.2384e-14 4.2362e-12 8.2384e-14 4.2362e-12 
7.5858e+02 1.1242e-13 5.7807e-12 1.1242e-13 5.7807e-12 
9.3325e+02 1.5341e-13 7.8882e-12 1.5341e-13 7.8882e-12 
1.1482e+03 2.0934e-13 1.0764e-11 2.0934e-13 1.0764e-11 
1.4125e+03 2.8566e-13 1.4689e-11 2.8566e-13 1.4689e-11 
1.7378e+03 3.8980e-13 2.0044e-11 3.8980e-13 2.0044e-11 
2.1380e+03 5.3192e-13 2.7351e-11 5.3192e-13 2.7351e-11 
2.6303e+03 7.2585e-13 3.7323e-11 7.2585e-13 3.7323e-11 
3.2359e+03 9.9048e-13 5.0931e-11 9.9048e-13 5.0931e-11 
3.9811e+03 1.3516e-12 6.9499e-11 1.3516e-12 6.9499e-11 
4.8978e+03 1.8444e-12 9.4838e-11 1.8444e-12 9.4838e-11 
6.0256e+03 2.5168e-12 1.2941e-10 2.5168e-12 1.2941e-10 
7.4131e+03 3.4344e-12 1.7660e-10 3.4344e-12 1.7660e-10 
9.1201e+03 4.6865e-12 2.4098e-10 4.6865e-12 2.4098e-10 
1.1220e+04 6.3951e-12 3.2884e-10 6.3951e-12 3.2884e-10 
1.3804e+04 8.7266e-12 4.4872e-10 8.7266e-12 4.4872e-10 
1.6982e+04 1.1908e-11 6.1232e-10 1.1908e-11 6.1232e-10 
2.0893e+04 1.6250e-11 8.3556e-10 1.6250e-11 8.3556e-10 
2.5704e+04 2.2174e-11 1.1402e-09 2.2174e-11 1.1402e-09 
3.1623e+04 3.0258e-11 1.5559e-09 3.0258e-11 1.5559e-09 
3.8905e+04 4.1290e-11 2.1231e-09 4.1290e-11 2.1231e-09 
4.7863e+04 5.6344e-11 2.8972e-09 5.6344e-11 2.8972e-09 
5.8884e+04 7.6886e-11 3.9535e-09 7.6886e-11 3.9535e-09 
7.2444e+04 1.0492e-10 5.3949e-09 1.0492e-10 5.3949e-09 
8.9125e+04 1.4317e-10 7.3617e-09 1.4317e-10 7.3617e-09 
1.0965e+05 1.9536e-10 1.0046e-08 1.9536e-10 1.0046e-08 
1.3490e+05 2.6659e-10 1.3708e-08 2.6659e-10 1.3708e-08 
1.6596e+05 3.6378e-10 1.8706e-08 3.6378e-10 1.8706e-08 
2.0417e+05 4.9641e-10 2.5526e-08 4.9641e-10 2.5526e-08 
2.5119e+05 6.7740e-10 3.4832e-08 6.7740e-10 3.4832e-08 
3.0903e+05 9.2437e-10 4.7531e-08 9.2437e-10 4.7531e-08 
3.8019e+05 1.2614e-09 6.4860e-08 1.2614e-09 6.4860e-08 
4.6774e+05 1.7213e-09 8.8508e-08 1.7213e-09 8.8508e-08 
5.7544e+05 2.3488e-09 1.2078e-07 2.3488e-09 1.2078e-07 
7.0795e+05 3.2051e-09 1.6481e-07 3.2051e-09 1.6481e-07 
8.7096e+05 4.3737e-09 2.2490e-07 4.3737e-09 2.2490e-07 
1.0715e+06 5.9682e-09 3.0689e-07 5.9682e-09 3.0689e-07 
1.3183e+06 8.1441e-09 4.1877e-07 8.1441e-09 4.1877e-07 
1.6218e+06 1.1113e-08 5.7145e-07 1.1113e-08 5.7145e-07 
1.9953e+06 1.5165e-08 7.7979e-07 1.5165e-08 7.7979e-07 
2.4547e+06 2.0694e-08 1.0641e-06 2.0694e-08 1.0641e-06 
3.0200e+06 2.8239e-08 1.4520e-06 2.8239e-08 1.4520e-06 
3.7154e+06 3.8534e-08 1.9814e-06 3.8534e-08 1.9814e-06 
4.5709e+06 5.2583e-08 2.7038e-06 5.2583e-08 2.7036e-06 
5.6234e+06 7.1754e-08 3.6896e-06 7.1754e-08 3.6875e-06 
6.9183e+06 9.7914e-08 5.0348e-06 9.7914e-08 5.0195e-06 
8.5114e+06 1.3361e-07 6.8704e-06 1.3361e-07 6.7918e-06 
1.0471e+07 1.8232e-07 9.3752e-06 1.8232e-07 9.0713e-06 
1.2882e+07 2.4879e-07 1.1967e-05 2.4879e-07 1.1856e-05 
1.5849e+07 3.3939e-07 1.4361e-05 3.3939e-07 1.5048e-05 
1.9498e+07 4.6244e-07 1.7234e-05 4.6244e-07 1.8461e-05 
2.3988e+07 6.2790e-07 2.0682e-05 6.2790e-07 2.1863e-05 
2.9512e+07 8.4596e-07 2.4819e-05 8.4596e-07 2.5039e-05 
3.6308e+07 1.1247e-06 2.9784e-05 1.1247e-06 2.7828e-05 
4.4668e+07 1.4680e-06 3.2574e-05 1.4680e-06 3.0146e-05 
5.4954e+07 1.8742e-06 3.2574e-05 1.8742e-06 3.1977e-05 
6.7608e+07 2.3378e-06 3.2574e-05 2.3378e-06 3.3357e-05 
8.3176e+07 2.8512e-06 3.2574e-05 2.8512e-06 3.4350e-05 
1.0233e+08 3.4075e-06 3.2574e-05 3.4075e-06 3.5030e-05 
1.2589e+08 4.0023e-06 3.2574e-05 4.0023e-06 3.5469e-05 
1.5488e+08 4.6345e-06 3.2574e-05 4.6345e-06 3.5732e-05 
1.9055e+08 5.3064e-06 3.2574e-05 5.3064e-06 3.5867e-05 
2.3442e+08 6.0229e-06 3.2574e-05 6.0229e-06 3.5915e-05 
2.8840e+08 6.7915e-06 3.2574e-05 6.7915e-06 3.5902e-05 
3.5481e+08 7.6213e-06 3.2574e-05 7.6213e-06 3.5847e-05 
4.3652e+08 8.5226e-06 3.2574e-05 8.5226e-06 3.5758e-05 
5.3703e+08 9.5066e-06 3.2574e-05 9.5066e-06 3.5641e-05 
6.6069e+08 1.0585e-05 3.2574e-05 1.0585e-05 3.5492e-05 
8.1283e+08 1.1772e-05 3.2574e-05 1.1772e-05 3.5305e-05 
1.0000e+09 1.3081e-05 3.2574e-05 1.3081e-05 3.5066e-05
