0.000e+00 6.103e-32 6.103e-32 0.000e+00
9.000e-02 8.328e-32 8.328e-32 1.315e-16
1.800e-01 1.136e-31 1.136e-31 3.853e-16
2.700e-01 1.551e-31 1.551e-31 1.412e-16
3.600e-01 2.116e-31 2.116e-31 0.000e+00
4.500e-01 2.888e-31 2.888e-31 4.549e-16
5.400e-01 3.941e-31 3.941e-31 2.223e-16
6.300e-01 5.377e-31 5.377e-31 0.000e+00
7.200e-01 7.338e-31 7.338e-31 2.387e-16
8.100e-01 1.001e-30 1.001e-30 0.000e+00
9.000e-01 1.366e-30 1.366e-30 1.282e-16
9.900e-01 1.864e-30 1.864e-30 1.879e-16
1.080e+00 2.544e-30 2.544e-30 0.000e+00
1.170e+00 3.472e-30 3.472e-30 2.018e-16
1.260e+00 4.738e-30 4.738e-30 0.000e+00
1.350e+00 6.465e-30 6.465e-30 2.168e-16
1.440e+00 8.822e-30 8.822e-30 1.588e-16
1.530e+00 1.204e-29 1.204e-29 1.164e-16
1.620e+00 1.643e-29 1.643e-29 1.706e-16
1.710e+00 2.242e-29 2.242e-29 1.250e-16
1.800e+00 3.059e-29 3.059e-29 3.665e-16
1.890e+00 4.174e-29 4.174e-29 0.000e+00
1.980e+00 5.696e-29 5.696e-29 3.936e-16
2.070e+00 7.772e-29 7.772e-29 0.000e+00
2.160e+00 1.061e-28 1.061e-28 0.000e+00
2.250e+00 1.447e-28 1.447e-28 1.549e-16
2.340e+00 1.975e-28 1.975e-28 2.271e-16
2.430e+00 2.695e-28 2.695e-28 3.328e-16
2.520e+00 3.678e-28 3.678e-28 1.219e-16
2.610e+00 5.018e-28 5.018e-28 0.000e+00
2.700e+00 6.848e-28 6.848e-28 2.619e-16
2.790e+00 9.344e-28 9.344e-28 1.919e-16
2.880e+00 1.275e-27 1.275e-27 1.407e-16
2.970e+00 1.740e-27 1.740e-27 4.123e-16
3.060e+00 2.374e-27 2.374e-27 1.511e-16
3.150e+00 3.240e-27 3.240e-27 0.000e+00
3.240e+00 4.421e-27 4.421e-27 0.000e+00
3.330e+00 6.033e-27 6.033e-27 0.000e+00
3.420e+00 8.233e-27 8.233e-27 3.486e-16
3.510e+00 1.123e-26 1.123e-26 1.277e-16
3.600e+00 1.533e-26 1.533e-26 5.616e-16
3.690e+00 2.092e-26 2.092e-26 4.116e-16
3.780e+00 2.855e-26 2.855e-26 4.021e-16
3.870e+00 3.895e-26 3.895e-26 2.947e-16
3.960e+00 5.316e-26 5.316e-26 2.160e-16
4.050e+00 7.254e-26 7.254e-26 4.748e-16
4.140e+00 9.898e-26 9.898e-26 3.479e-16
4.230e+00 1.351e-25 1.351e-25 1.700e-16
4.320e+00 1.843e-25 1.843e-25 0.000e+00
4.410e+00 2.515e-25 2.515e-25 1.826e-16
4.500e+00 3.432e-25 3.432e-25 0.000e+00
4.590e+00 4.683e-25 4.683e-25 5.883e-16
4.680e+00 6.391e-25 6.391e-25 1.437e-16
4.770e+00 8.721e-25 8.721e-25 2.106e-16
4.860e+00 1.190e-24 1.190e-24 3.087e-16
4.950e+00 1.624e-24 1.624e-24 2.262e-16
5.040e+00 2.216e-24 2.216e-24 1.658e-16
5.130e+00 3.024e-24 3.024e-24 0.000e+00
5.220e+00 4.126e-24 4.126e-24 1.781e-16
5.310e+00 5.631e-24 5.631e-24 1.305e-16
5.400e+00 7.683e-24 7.683e-24 1.912e-16
5.490e+00 1.048e-23 1.048e-23 0.000e+00
5.580e+00 1.431e-23 1.431e-23 0.000e+00
5.670e+00 1.952e-23 1.952e-23 1.505e-16
5.760e+00 2.664e-23 2.664e-23 2.206e-16
5.850e+00 3.635e-23 3.635e-23 0.000e+00
5.940e+00 4.961e-23 4.961e-23 1.185e-16
6.030e+00 6.769e-23 6.769e-23 1.736e-16
6.120e+00 9.237e-23 9.237e-23 0.000e+00
6.210e+00 1.261e-22 1.261e-22 2.872e-14
6.300e+00 1.720e-22 1.720e-22 1.673e-11
6.390e+00 2.347e-22 2.347e-22 2.834e-09
6.480e+00 3.203e-22 3.203e-22 1.754e-07
6.570e+00 4.371e-22 4.371e-22 4.799e-06
6.660e+00 5.964e-22 5.964e-22 6.769e-05
6.750e+00 8.134e-22 8.139e-22 5.582e-04
6.840e+00 1.107e-21 1.111e-21 2.982e-03
6.930e+00 1.498e-21 1.515e-21 1.122e-02
7.020e+00 2.002e-21 2.068e-21 3.180e-02
7.110e+00 2.619e-21 2.643e-21 9.067e-03
7.200e+00 3.330e-21 3.181e-21 4.675e-02
7.290e+00 4.094e-21 3.829e-21 6.931e-02
7.380e+00 4.866e-21 4.611e-21 5.543e-02
7.470e+00 5.601e-21 5.553e-21 8.549e-03
7.560e+00 6.265e-21 6.688e-21 6.330e-02
7.650e+00 6.840e-21 7.366e-21 7.133e-02
7.740e+00 7.325e-21 7.454e-21 1.732e-02
7.830e+00 7.724e-21 7.554e-21 2.244e-02
7.920e+00 8.049e-21 7.665e-21 5.013e-02
8.010e+00 8.317e-21 7.786e-21 6.825e-02
8.100e+00 8.541e-21 7.914e-21 7.916e-02
8.190e+00 8.734e-21 8.051e-21 8.486e-02
8.280e+00 8.909e-21 8.196e-21 8.694e-02
8.370e+00 9.074e-21 8.351e-21 8.656e-02
8.460e+00 9.238e-21 8.518e-21 8.454e-02
8.550e+00 9.405e-21 8.697e-21 8.141e-02
8.640e+00 9.581e-21 8.892e-21 7.748e-02
8.730e+00 9.769e-21 9.105e-21 7.287e-02
8.820e+00 9.970e-21 9.339e-21 6.761e-02
8.910e+00 1.019e-20 9.595e-21 6.158e-02
9.000e+00 1.042e-20 9.879e-21 5.458e-02

