1.05 2.577251E-31 9.0203785E-24
1.1 6.659049E-31 2.33066715E-23
1.15 1.561544E-30 5.465404E-23
1.2 3.35863E-30 1.1755205E-22
1.25 6.688336E-30 2.3409176E-22
1.3 1.24354E-29 4.35239E-22
1.35 2.174852E-29 7.611982E-22
1.4 3.60178E-29 1.260623E-21
1.45 5.681956E-29 1.9886846E-21
1.5 8.583553E-29 3.00424355E-21
1.55 1.247586E-28 4.366551E-21
1.6 1.751989E-28 6.1319615E-21
1.65 2.386025E-28 8.3510875E-21
1.7 3.161907E-28 1.10666745E-20
1.75 4.089261E-28 1.43124135E-20
1.8 5.175025E-28 1.81125875E-20
1.85 6.423583E-28 2.24825405E-20
1.9 7.837061E-28 2.74297135E-20
1.95 9.415741E-28 3.29550935E-20
2 1.115853E-27 3.9054855E-20
2.05 1.306345E-27 4.5722075E-20
2.1 1.512807E-27 5.2948245E-20
2.15 1.734993E-27 6.0724755E-20
2.2 1.972688E-27 6.904408E-20
2.25 2.225738E-27 7.790083E-20
2.3 2.494068E-27 8.729238E-20
2.35 2.777699E-27 9.7219465E-20
2.4 3.076762E-27 1.0768667E-19
2.45 3.391502E-27 1.1870257E-19
2.5 3.722279E-27 1.30279765E-19
2.55 4.069577E-27 1.42435195E-19
2.6 4.433997E-27 1.55189895E-19
2.65 4.816258E-27 1.6856903E-19
2.7 5.217196E-27 1.8260186E-19
2.75 5.637762E-27 1.9732167E-19
2.8 6.079019E-27 2.12765665E-19
2.85 6.542142E-27 2.2897497E-19
2.9 7.028417E-27 2.45994595E-19
2.95 7.539242E-27 2.6387347E-19
3 8.076123E-27 2.82664305E-19
3.05 8.640682E-27 3.0242387E-19
3.1 9.234653E-27 3.23212855E-19
3.15 9.859888E-27 3.4509608E-19
3.2 1.051836E-26 3.681426E-19
3.25 1.121217E-26 3.9242595E-19
3.3 1.194354E-26 4.180239E-19
3.35 1.271484E-26 4.450194E-19
3.4 1.352856E-26 4.734996E-19
3.45 1.438738E-26 5.035583E-19
3.5 1.529416E-26 5.352956E-19
3.55 1.625263E-26 5.6884205E-19
3.6 1.727272E-26 6.045452E-19
3.65 1.841069E-26 6.4437415E-19
3.7 2.002153E-26 7.0075355E-19
3.75 2.41045E-26 8.436575E-19
3.8 4.038453E-26 1.41345855E-18
3.85 1.096887E-25 3.8391045E-18
3.9 3.806356E-25 1.3322246E-17
3.95 1.325129E-24 4.6379515E-17
4 1.2064E-23 4.2224E-16
4.05 2.6761E-23 9.36635E-16
4.1 5.9753E-23 2.091355E-15
4.15 1.2258E-22 4.2903E-15
4.2 1.8517E-22 6.48095E-15
4.25 1.8973E-22 6.64055E-15
4.3 1.602E-22 5.607E-15
4.35 1.2957E-22 4.53495E-15
4.4 1.1E-22 3.85E-15
4.45 1.0049E-22 3.51715E-15
4.5 9.9089E-23 3.468115E-15
4.55 1.0386E-22 3.6351E-15
4.6 1.1509E-22 4.02815E-15
4.65 1.3398E-22 4.6893E-15
4.7 1.5886E-22 5.5601E-15
4.75 2.0302E-22 7.1057E-15
4.8 2.5832E-22 9.0412E-15
4.85 3.2448E-22 1.13568E-14
4.9 3.7605E-22 1.316175E-14
4.95 4.1853E-22 1.464855E-14
5 4.393E-22 1.53755E-14
5.05 4.3552E-22 1.52432E-14
5.1 4.1388E-22 1.44858E-14
5.15 4.0562E-22 1.41967E-14
5.2 4.1473E-22 1.451555E-14
5.25 4.2945E-22 1.503075E-14
5.3 4.4148E-22 1.54518E-14
5.35 4.5763E-22 1.601705E-14
5.4 4.5254E-22 1.58389E-14
5.45 3.9374E-22 1.37809E-14
5.5 3.169E-22 1.10915E-14
5.55 2.5935E-22 9.07725E-15
5.6 2.4044E-22 8.4154E-15
5.65 2.3482E-22 8.2187E-15
5.7 2.2855E-22 7.99925E-15
5.75 2.0752E-22 7.2632E-15
5.8 1.7599E-22 6.15965E-15
5.85 1.5015E-22 5.25525E-15
5.9 1.4098E-22 4.9343E-15
5.95 1.3831E-22 4.84085E-15
6 1.3598E-22 4.7593E-15
6.05 1.3046E-22 4.5661E-15
6.1 1.2364E-22 4.3274E-15
6.15 1.1329E-22 3.96515E-15
6.2 9.944E-23 3.4804E-15
6.25 8.4753E-23 2.966355E-15
6.3 6.9903E-23 2.446605E-15
6.35 5.5603E-23 1.946105E-15
6.4 4.6153E-23 1.615355E-15
6.45 3.8909E-23 1.361815E-15
6.5 3.4539E-23 1.208865E-15
6.55 3.0898E-23 1.08143E-15
6.6 2.8634E-23 1.00219E-15
6.65 2.7197E-23 9.51895E-16
6.7 2.6571E-23 9.29985E-16
6.75 2.6207E-23 9.17245E-16
6.8 2.6176E-23 9.1616E-16
6.85 2.6399E-23 9.23965E-16
6.9 2.6731E-23 9.35585E-16
6.95 2.6996E-23 9.4486E-16
7 2.6909E-23 9.41815E-16
7.05 2.6365E-23 9.22775E-16
7.1 2.5213E-23 8.82455E-16
7.15 2.3612E-23 8.2642E-16
7.2 2.1814E-23 7.6349E-16
7.25 2.0189E-23 7.06615E-16
7.3 1.9043E-23 6.66505E-16
7.35 1.836E-23 6.426E-16
7.4 1.8029E-23 6.31015E-16
7.45 1.7962E-23 6.2867E-16
7.5 1.8094E-23 6.3329E-16
7.55 1.8426E-23 6.4491E-16
7.6 1.901345E-23 6.6547075E-16
7.65 1.969929E-23 6.8947515E-16
7.7 2.030257E-23 7.1058995E-16
7.75 2.122754E-23 7.429639E-16
7.8 2.21945E-23 7.768075E-16
7.85 2.321461E-23 8.1251135E-16
7.9 2.428935E-23 8.5012725E-16
7.95 2.519279E-23 8.8174765E-16
8 2.633437E-23 9.2170295E-16
8.05 2.755934E-23 9.645769E-16
8.1 2.886157E-23 1.01015495E-15
8.15 3.02474E-23 1.058659E-15
8.2 3.10611E-23 1.0871385E-15
8.25 3.262697E-23 1.14194395E-15
8.3 3.4293E-23 1.200255E-15
8.35 3.605529E-23 1.26193515E-15
8.4 3.789933E-23 1.32647655E-15
8.45 3.97765E-23 1.3921775E-15
8.5 4.177802E-23 1.4622307E-15
8.55 4.382855E-23 1.53399925E-15
8.6 4.588774E-23 1.6060709E-15
8.65 4.794019E-23 1.67790665E-15
8.7 4.996138E-23 1.7486483E-15
8.75 5.190621E-23 1.81671735E-15
8.8 5.376886E-23 1.8819101E-15
8.85 5.512477E-23 1.92936695E-15
8.9 5.674401E-23 1.98604035E-15
8.95 5.816494E-23 2.0357729E-15
9 5.930002E-23 2.0755007E-15
