1.0000e+00 1.0000e+00 1.0000e+00 
1.2303e+00 1.0000e+00 1.0000e+00 
1.5136e+00 1.0000e+00 1.0000e+00 
1.8621e+00 1.0000e+00 1.0000e+00 
2.2909e+00 1.0000e+00 1.0000e+00 
2.8184e+00 1.0000e+00 1.0000e+00 
3.4674e+00 1.0000e+00 1.0000e+00 
4.2658e+00 1.0000e+00 1.0000e+00 
5.2481e+00 1.0000e+00 1.0000e+00 
6.4565e+00 1.0000e+00 1.0000e+00 
7.9433e+00 1.0000e+00 1.0000e+00 
9.7724e+00 1.0000e+00 1.0000e+00 
1.2023e+01 1.0000e+00 1.0000e+00 
1.4791e+01 1.0000e+00 1.0000e+00 
1.8197e+01 1.0000e+00 1.0000e+00 
2.2387e+01 1.0000e+00 1.0000e+00 
2.7542e+01 1.0000e+00 1.0000e+00 
3.3884e+01 1.0000e+00 1.0000e+00 
4.1687e+01 1.0000e+00 1.0000e+00 
5.1286e+01 1.0000e+00 1.0000e+00 
6.3096e+01 1.0000e+00 1.0000e+00 
7.7625e+01 1.0000e+00 1.0000e+00 
9.5499e+01 1.0000e+00 1.0000e+00 
1.1749e+02 1.0000e+00 1.0000e+00 
1.4454e+02 1.0000e+00 1.0000e+00 
1.7783e+02 1.0000e+00 1.0000e+00 
2.1878e+02 1.0000e+00 1.0000e+00 
2.6915e+02 1.0000e+00 1.0000e+00 
3.3113e+02 1.0000e+00 1.0000e+00 
4.0738e+02 1.0000e+00 1.0000e+00 
5.0119e+02 1.0000e+00 1.0000e+00 
6.1660e+02 1.0000e+00 1.0000e+00 
7.5858e+02 1.0000e+00 1.0000e+00 
9.3325e+02 1.0000e+00 1.0000e+00 
1.1482e+03 1.0000e+00 1.0000e+00 
1.4125e+03 1.0000e+00 1.0000e+00 
1.7378e+03 1.0000e+00 1.0000e+00 
2.1380e+03 1.0000e+00 1.0000e+00 
2.6303e+03 1.0000e+00 1.0000e+00 
3.2359e+03 1.0000e+00 1.0000e+00 
3.9811e+03 1.0000e+00 1.0000e+00 
4.8978e+03 1.0000e+00 1.0000e+00 
6.0256e+03 1.0000e+00 1.0000e+00 
7.4131e+03 1.0000e+00 1.0000e+00 
9.1201e+03 1.0000e+00 1.0000e+00 
1.1220e+04 1.0000e+00 1.0000e+00 
1.3804e+04 1.0000e+00 1.0000e+00 
1.6982e+04 1.0000e+00 1.0000e+00 
2.0893e+04 1.0000e+00 1.0000e+00 
2.5704e+04 1.0000e+00 1.0000e+00 
3.1623e+04 1.0000e+00 1.0000e+00 
3.8905e+04 1.0000e+00 1.0000e+00 
4.7863e+04 1.0000e+00 1.0000e+00 
5.8884e+04 1.0000e+00 1.0000e+00 
7.2444e+04 1.0000e+00 1.0000e+00 
8.9125e+04 1.0000e+00 1.0000e+00 
1.0965e+05 1.0000e+00 1.0000e+00 
1.3490e+05 1.0000e+00 1.0000e+00 
1.6596e+05 1.0000e+00 1.0000e+00 
2.0417e+05 1.0000e+00 1.0000e+00 
2.5119e+05 1.0000e+00 1.0000e+00 
3.0903e+05 1.0000e+00 1.0000e+00 
3.8019e+05 1.0000e+00 1.0000e+00 
4.6774e+05 1.0000e+00 1.0000e+00 
5.7544e+05 1.0000e+00 1.0000e+00 
7.0795e+05 1.0000e+00 1.0000e+00 
8.7096e+05 1.0000e+00 1.0000e+00 
1.0715e+06 1.0000e+00 1.0000e+00 
1.3183e+06 1.0000e+00 1.0000e+00 
1.6218e+06 1.0000e+00 1.0000e+00 
1.9953e+06 1.0000e+00 1.0000e+00 
2.4547e+06 1.0000e+00 1.0000e+00 
3.0200e+06 1.0000e+00 1.0000e+00 
3.7154e+06 1.0000e+00 1.0000e+00 
4.5709e+06 9.9993e-01 1.0000e+00 
5.6234e+06 9.9943e-01 1.0000e+00 
6.9183e+06 9.9696e-01 1.0000e+00 
8.5114e+06 9.8857e-01 1.0000e+00 
1.0471e+07 9.6759e-01 1.0000e+00 
1.2882e+07 9.2676e-01 9.3536e-01 
1.5849e+07 8.6200e-01 8.2258e-01 
1.9498e+07 7.7493e-01 7.2340e-01 
2.3988e+07 6.7255e-01 6.3618e-01 
2.9512e+07 5.6445e-01 5.5947e-01 
3.6308e+07 4.5973e-01 4.9201e-01 
4.4668e+07 3.6496e-01 3.9429e-01 
5.4954e+07 2.8370e-01 2.8895e-01 
6.7608e+07 2.1688e-01 2.1175e-01 
8.3176e+07 1.6366e-01 1.5517e-01 
1.0233e+08 1.2231e-01 1.1372e-01 
1.2589e+08 9.0756e-02 8.3334e-02 
1.5488e+08 6.6999e-02 6.1069e-02 
1.9055e+08 4.9285e-02 4.4753e-02 
2.3442e+08 3.6166e-02 3.2796e-02 
2.8840e+08 2.6494e-02 2.4034e-02 
3.5481e+08 1.9385e-02 1.7612e-02 
4.3652e+08 1.4171e-02 1.2907e-02 
5.3703e+08 1.0351e-02 9.4585e-03 
6.6069e+08 7.5535e-03 6.9314e-03 
8.1283e+08 5.5062e-03 5.0795e-03 
1.0000e+09 4.0078e-03 3.7224e-03 
