0.1 9.33163e-03 8.53815e-03
0.2 2.66217e-02 2.41495e-02
0.3 4.88621e-02 4.43655e-02
0.4 7.47760e-02 6.83052e-02
0.5 1.03472e-01 9.54594e-02
0.6 1.34250e-01 1.25485e-01
0.7 1.66532e-01 1.58129e-01
0.8 1.99831e-01 1.93196e-01
0.9 2.33736e-01 2.30530e-01
1.0 2.67898e-01 2.70000e-01
1.1 3.02022e-01 3.11496e-01
1.2 3.35860e-01 3.54924e-01
1.3 3.69207e-01 4.00202e-01
1.4 4.01891e-01 4.47256e-01
1.5 4.33775e-01 4.75750e-01
1.6 4.64749e-01 4.95172e-01
1.7 4.94727e-01 5.14138e-01
1.8 5.23643e-01 5.32685e-01
1.9 5.51452e-01 5.50844e-01
2.0 5.78122e-01 5.68644e-01
2.1 6.03636e-01 5.86108e-01
2.2 6.27989e-01 6.03259e-01
2.3 6.51185e-01 6.20116e-01
2.4 6.73235e-01 6.36697e-01
2.5 6.94160e-01 6.53017e-01
2.6 7.13982e-01 6.69091e-01
2.7 7.32732e-01 6.84932e-01
2.8 7.50440e-01 7.00551e-01
2.9 7.67144e-01 7.15959e-01
3.0 7.82879e-01 7.31167e-01
3.1 7.97684e-01 7.46184e-01
3.2 8.11598e-01 7.61017e-01
3.3 8.24661e-01 7.75676e-01
3.4 8.36913e-01 7.90166e-01
3.5 8.48393e-01 8.04496e-01
3.6 8.59140e-01 8.18671e-01
3.7 8.69192e-01 8.32696e-01
3.8 8.78587e-01 8.46579e-01
3.9 8.87361e-01 8.60323e-01
4.0 8.95549e-01 8.73934e-01
4.1 9.03184e-01 8.87417e-01
4.2 9.10300e-01 9.00775e-01
4.3 9.16926e-01 9.14012e-01
4.4 9.23094e-01 9.27133e-01
4.5 9.28831e-01 9.40142e-01
4.6 9.34164e-01 1.00000e+00
4.7 9.39120e-01 1.00000e+00
4.8 9.43722e-01 1.00000e+00
4.9 9.47994e-01 1.00000e+00
5.0 9.51957e-01 1.00000e+00
5.1 9.55633e-01 1.00000e+00
5.2 9.59039e-01 1.00000e+00
5.3 9.62196e-01 1.00000e+00
5.4 9.65119e-01 1.00000e+00
5.5 9.67825e-01 1.00000e+00
5.6 9.70329e-01 1.00000e+00
5.7 9.72646e-01 1.00000e+00
5.8 9.74789e-01 1.00000e+00
5.9 9.76769e-01 1.00000e+00
6.0 9.78599e-01 1.00000e+00
6.1 9.80290e-01 1.00000e+00
6.2 9.81851e-01 1.00000e+00
6.3 9.83292e-01 1.00000e+00
6.4 9.84622e-01 1.00000e+00
6.5 9.85850e-01 1.00000e+00
6.6 9.86982e-01 1.00000e+00
6.7 9.88026e-01 1.00000e+00
6.8 9.88988e-01 1.00000e+00
6.9 9.89875e-01 1.00000e+00
7.0 9.90693e-01 1.00000e+00
7.1 9.91446e-01 1.00000e+00
7.2 9.92139e-01 1.00000e+00
7.3 9.92778e-01 1.00000e+00
7.4 9.93366e-01 1.00000e+00
7.5 9.93907e-01 1.00000e+00
7.6 9.94404e-01 1.00000e+00
7.7 9.94862e-01 1.00000e+00
7.8 9.95284e-01 1.00000e+00
7.9 9.95671e-01 1.00000e+00
8.0 9.96027e-01 1.00000e+00
8.1 9.96354e-01 1.00000e+00
8.2 9.96655e-01 1.00000e+00
8.3 9.96932e-01 1.00000e+00
8.4 9.97186e-01 1.00000e+00
8.5 9.97419e-01 1.00000e+00
8.6 9.97634e-01 1.00000e+00
8.7 9.97830e-01 1.00000e+00
8.8 9.98011e-01 1.00000e+00
8.9 9.98177e-01 1.00000e+00
9.0 9.98329e-01 1.00000e+00
9.1 9.98469e-01 1.00000e+00
9.2 9.98597e-01 1.00000e+00
9.3 9.98715e-01 1.00000e+00
9.4 9.98823e-01 1.00000e+00
9.5 9.98922e-01 1.00000e+00
9.6 9.99012e-01 1.00000e+00
9.7 9.99096e-01 1.00000e+00
9.8 9.99172e-01 1.00000e+00
9.9 9.99242e-01 1.00000e+00
10.0 9.99306e-01 1.00000e+00
10.1 9.99365e-01 1.00000e+00
10.2 9.99418e-01 1.00000e+00
10.3 9.99468e-01 1.00000e+00
10.4 9.99513e-01 1.00000e+00
10.5 9.99554e-01 1.00000e+00
10.6 9.99592e-01 1.00000e+00
10.7 9.99627e-01 1.00000e+00
10.8 9.99659e-01 1.00000e+00
10.9 9.99688e-01 1.00000e+00
11.0 9.99715e-01 1.00000e+00
11.1 9.99739e-01 1.00000e+00
11.2 9.99761e-01 1.00000e+00
11.3 9.99782e-01 1.00000e+00
11.4 9.99800e-01 1.00000e+00
11.5 9.99818e-01 1.00000e+00
11.6 9.99833e-01 1.00000e+00
11.7 9.99848e-01 1.00000e+00
11.8 9.99861e-01 1.00000e+00
11.9 9.99873e-01 1.00000e+00
12.0 9.99884e-01 1.00000e+00
12.1 9.99894e-01 1.00000e+00
12.2 9.99903e-01 1.00000e+00
12.3 9.99911e-01 1.00000e+00
12.4 9.99919e-01 1.00000e+00
12.5 9.99926e-01 1.00000e+00
12.6 9.99932e-01 1.00000e+00
12.7 9.99938e-01 1.00000e+00
12.8 9.99944e-01 1.00000e+00
12.9 9.99948e-01 1.00000e+00
13.0 9.99953e-01 1.00000e+00
13.1 9.99957e-01 1.00000e+00
13.2 9.99961e-01 1.00000e+00
13.3 9.99964e-01 1.00000e+00
13.4 9.99967e-01 1.00000e+00
13.5 9.99970e-01 1.00000e+00
13.6 9.99973e-01 1.00000e+00
13.7 9.99975e-01 1.00000e+00
13.8 9.99977e-01 1.00000e+00
13.9 9.99979e-01 1.00000e+00
14.0 9.99981e-01 1.00000e+00
14.1 9.99983e-01 1.00000e+00
14.2 9.99984e-01 1.00000e+00
14.3 9.99986e-01 1.00000e+00
14.4 9.99987e-01 1.00000e+00
14.5 9.99988e-01 1.00000e+00
14.6 9.99989e-01 1.00000e+00
14.7 9.99990e-01 1.00000e+00
14.8 9.99991e-01 1.00000e+00
14.9 9.99992e-01 1.00000e+00
15.0 9.99992e-01 1.00000e+00
15.1 9.99993e-01 1.00000e+00
15.2 9.99994e-01 1.00000e+00
15.3 9.99994e-01 1.00000e+00
15.4 9.99995e-01 1.00000e+00
15.5 9.99995e-01 1.00000e+00
15.6 9.99996e-01 1.00000e+00
15.7 9.99996e-01 1.00000e+00
15.8 9.99996e-01 1.00000e+00
15.9 9.99997e-01 1.00000e+00
16.0 9.99997e-01 1.00000e+00
16.1 9.99997e-01 1.00000e+00
16.2 9.99997e-01 1.00000e+00
16.3 9.99998e-01 1.00000e+00
16.4 9.99998e-01 1.00000e+00
16.5 9.99998e-01 1.00000e+00
16.6 9.99998e-01 1.00000e+00
16.7 9.99998e-01 1.00000e+00
16.8 9.99999e-01 1.00000e+00
16.9 9.99999e-01 1.00000e+00
17.0 9.99999e-01 1.00000e+00
17.1 9.99999e-01 1.00000e+00
17.2 9.99999e-01 1.00000e+00
17.3 9.99999e-01 1.00000e+00
17.4 9.99999e-01 1.00000e+00
17.5 9.99999e-01 1.00000e+00
17.6 9.99999e-01 1.00000e+00
17.7 9.99999e-01 1.00000e+00
17.8 9.99999e-01 1.00000e+00
17.9 9.99999e-01 1.00000e+00
18.0 1.00000e+00 1.00000e+00
18.1 1.00000e+00 1.00000e+00
18.2 1.00000e+00 1.00000e+00
18.3 1.00000e+00 1.00000e+00
18.4 1.00000e+00 1.00000e+00
18.5 1.00000e+00 1.00000e+00
18.6 1.00000e+00 1.00000e+00
18.7 1.00000e+00 1.00000e+00
18.8 1.00000e+00 1.00000e+00
18.9 1.00000e+00 1.00000e+00
19.0 1.00000e+00 1.00000e+00
19.1 1.00000e+00 1.00000e+00
19.2 1.00000e+00 1.00000e+00
19.3 1.00000e+00 1.00000e+00
19.4 1.00000e+00 1.00000e+00
19.5 1.00000e+00 1.00000e+00
19.6 1.00000e+00 1.00000e+00
19.7 1.00000e+00 1.00000e+00
19.8 1.00000e+00 1.00000e+00
19.9 1.00000e+00 1.00000e+00
20.0 1.00000e+00 1.00000e+00
20.1 1.00000e+00 1.00000e+00
20.2 1.00000e+00 1.00000e+00
20.3 1.00000e+00 1.00000e+00
20.4 1.00000e+00 1.00000e+00
20.5 1.00000e+00 1.00000e+00
20.6 1.00000e+00 1.00000e+00
20.7 1.00000e+00 1.00000e+00
20.8 1.00000e+00 1.00000e+00
20.9 1.00000e+00 1.00000e+00
21.0 1.00000e+00 1.00000e+00
21.1 1.00000e+00 1.00000e+00
21.2 1.00000e+00 1.00000e+00
21.3 1.00000e+00 1.00000e+00
21.4 1.00000e+00 1.00000e+00
21.5 1.00000e+00 1.00000e+00
21.6 1.00000e+00 1.00000e+00
21.7 1.00000e+00 1.00000e+00
21.8 1.00000e+00 1.00000e+00
21.9 1.00000e+00 1.00000e+00
22.0 1.00000e+00 1.00000e+00
22.1 1.00000e+00 1.00000e+00
22.2 1.00000e+00 1.00000e+00
22.3 1.00000e+00 1.00000e+00
22.4 1.00000e+00 1.00000e+00
22.5 1.00000e+00 1.00000e+00
22.6 1.00000e+00 1.00000e+00
22.7 1.00000e+00 1.00000e+00
22.8 1.00000e+00 1.00000e+00
22.9 1.00000e+00 1.00000e+00
23.0 1.00000e+00 1.00000e+00
23.1 1.00000e+00 1.00000e+00
23.2 1.00000e+00 1.00000e+00
23.3 1.00000e+00 1.00000e+00
23.4 1.00000e+00 1.00000e+00
23.5 1.00000e+00 1.00000e+00
23.6 1.00000e+00 1.00000e+00
23.7 1.00000e+00 1.00000e+00
23.8 1.00000e+00 1.00000e+00
23.9 1.00000e+00 1.00000e+00
24.0 1.00000e+00 1.00000e+00
24.1 1.00000e+00 1.00000e+00
24.2 1.00000e+00 1.00000e+00
24.3 1.00000e+00 1.00000e+00
24.4 1.00000e+00 1.00000e+00
24.5 1.00000e+00 1.00000e+00
24.6 1.00000e+00 1.00000e+00
24.7 1.00000e+00 1.00000e+00
24.8 1.00000e+00 1.00000e+00
24.9 1.00000e+00 1.00000e+00
25.0 1.00000e+00 1.00000e+00
25.1 1.00000e+00 1.00000e+00
25.2 1.00000e+00 1.00000e+00
25.3 1.00000e+00 1.00000e+00
25.4 1.00000e+00 1.00000e+00
25.5 1.00000e+00 1.00000e+00
25.6 1.00000e+00 1.00000e+00
25.7 1.00000e+00 1.00000e+00
25.8 1.00000e+00 1.00000e+00
25.9 1.00000e+00 1.00000e+00
26.0 1.00000e+00 1.00000e+00
26.1 1.00000e+00 1.00000e+00
26.2 1.00000e+00 1.00000e+00
26.3 1.00000e+00 1.00000e+00
26.4 1.00000e+00 1.00000e+00
26.5 1.00000e+00 1.00000e+00
26.6 1.00000e+00 1.00000e+00
26.7 1.00000e+00 1.00000e+00
26.8 1.00000e+00 1.00000e+00
26.9 1.00000e+00 1.00000e+00
27.0 1.00000e+00 1.00000e+00
27.1 1.00000e+00 1.00000e+00
27.2 1.00000e+00 1.00000e+00
27.3 1.00000e+00 1.00000e+00
27.4 1.00000e+00 1.00000e+00
27.5 1.00000e+00 1.00000e+00
27.6 1.00000e+00 1.00000e+00
27.7 1.00000e+00 1.00000e+00
27.8 1.00000e+00 1.00000e+00
27.9 1.00000e+00 1.00000e+00
28.0 1.00000e+00 1.00000e+00
28.1 1.00000e+00 1.00000e+00
28.2 1.00000e+00 1.00000e+00
28.3 1.00000e+00 1.00000e+00
28.4 1.00000e+00 1.00000e+00
28.5 1.00000e+00 1.00000e+00
28.6 1.00000e+00 1.00000e+00
28.7 1.00000e+00 1.00000e+00
28.8 1.00000e+00 1.00000e+00
28.9 1.00000e+00 1.00000e+00
29.0 1.00000e+00 1.00000e+00
29.1 1.00000e+00 1.00000e+00
29.2 1.00000e+00 1.00000e+00
29.3 1.00000e+00 1.00000e+00
29.4 1.00000e+00 1.00000e+00
29.5 1.00000e+00 1.00000e+00
29.6 1.00000e+00 1.00000e+00
29.7 1.00000e+00 1.00000e+00
29.8 1.00000e+00 1.00000e+00
29.9 1.00000e+00 1.00000e+00
30.0 1.00000e+00 1.00000e+00
30.1 1.00000e+00 1.00000e+00
30.2 1.00000e+00 1.00000e+00
30.3 1.00000e+00 1.00000e+00
30.4 1.00000e+00 1.00000e+00
30.5 1.00000e+00 1.00000e+00
30.6 1.00000e+00 1.00000e+00
30.7 1.00000e+00 1.00000e+00
30.8 1.00000e+00 1.00000e+00
30.9 1.00000e+00 1.00000e+00
31.0 1.00000e+00 1.00000e+00
31.1 1.00000e+00 1.00000e+00
31.2 1.00000e+00 1.00000e+00
31.3 1.00000e+00 1.00000e+00
31.4 1.00000e+00 1.00000e+00
31.5 1.00000e+00 1.00000e+00
31.6 1.00000e+00 1.00000e+00
31.7 1.00000e+00 1.00000e+00
31.8 1.00000e+00 1.00000e+00
31.9 1.00000e+00 1.00000e+00
32.0 1.00000e+00 1.00000e+00
32.1 1.00000e+00 1.00000e+00
32.2 1.00000e+00 1.00000e+00
32.3 1.00000e+00 1.00000e+00
32.4 1.00000e+00 1.00000e+00
32.5 1.00000e+00 1.00000e+00
32.6 1.00000e+00 1.00000e+00
32.7 1.00000e+00 1.00000e+00
32.8 1.00000e+00 1.00000e+00
32.9 1.00000e+00 1.00000e+00
33.0 1.00000e+00 1.00000e+00
33.1 1.00000e+00 1.00000e+00
33.2 1.00000e+00 1.00000e+00
33.3 1.00000e+00 1.00000e+00
33.4 1.00000e+00 1.00000e+00
33.5 1.00000e+00 1.00000e+00
33.6 1.00000e+00 1.00000e+00
33.7 1.00000e+00 1.00000e+00
33.8 1.00000e+00 1.00000e+00
33.9 1.00000e+00 1.00000e+00
34.0 1.00000e+00 1.00000e+00
34.1 1.00000e+00 1.00000e+00
34.2 1.00000e+00 1.00000e+00
34.3 1.00000e+00 1.00000e+00
34.4 1.00000e+00 1.00000e+00
34.5 1.00000e+00 1.00000e+00
34.6 1.00000e+00 1.00000e+00
34.7 1.00000e+00 1.00000e+00
34.8 1.00000e+00 1.00000e+00
34.9 1.00000e+00 1.00000e+00
35.0 1.00000e+00 1.00000e+00
35.1 1.00000e+00 1.00000e+00
35.2 1.00000e+00 1.00000e+00
35.3 1.00000e+00 1.00000e+00
35.4 1.00000e+00 1.00000e+00
35.5 1.00000e+00 1.00000e+00
35.6 1.00000e+00 1.00000e+00
35.7 1.00000e+00 1.00000e+00
35.8 1.00000e+00 1.00000e+00
35.9 1.00000e+00 1.00000e+00
36.0 1.00000e+00 1.00000e+00
36.1 1.00000e+00 1.00000e+00
36.2 1.00000e+00 1.00000e+00
36.3 1.00000e+00 1.00000e+00
36.4 1.00000e+00 1.00000e+00
36.5 1.00000e+00 1.00000e+00
36.6 1.00000e+00 1.00000e+00
36.7 1.00000e+00 1.00000e+00
36.8 1.00000e+00 1.00000e+00
36.9 1.00000e+00 1.00000e+00
37.0 1.00000e+00 1.00000e+00
37.1 1.00000e+00 1.00000e+00
37.2 1.00000e+00 1.00000e+00
37.3 1.00000e+00 1.00000e+00
37.4 1.00000e+00 1.00000e+00
37.5 1.00000e+00 1.00000e+00
37.6 1.00000e+00 1.00000e+00
37.7 1.00000e+00 1.00000e+00
37.8 1.00000e+00 1.00000e+00
37.9 1.00000e+00 1.00000e+00
38.0 1.00000e+00 1.00000e+00
38.1 1.00000e+00 1.00000e+00
38.2 1.00000e+00 1.00000e+00
38.3 1.00000e+00 1.00000e+00
38.4 1.00000e+00 1.00000e+00
38.5 1.00000e+00 1.00000e+00
38.6 1.00000e+00 1.00000e+00
38.7 1.00000e+00 1.00000e+00
38.8 1.00000e+00 1.00000e+00
38.9 1.00000e+00 1.00000e+00
39.0 1.00000e+00 1.00000e+00
39.1 1.00000e+00 1.00000e+00
39.2 1.00000e+00 1.00000e+00
39.3 1.00000e+00 1.00000e+00
39.4 1.00000e+00 1.00000e+00
39.5 1.00000e+00 1.00000e+00
39.6 1.00000e+00 1.00000e+00
39.7 1.00000e+00 1.00000e+00
39.8 1.00000e+00 1.00000e+00
39.9 1.00000e+00 1.00000e+00
40.0 1.00000e+00 1.00000e+00
40.1 1.00000e+00 1.00000e+00
40.2 1.00000e+00 1.00000e+00
40.3 1.00000e+00 1.00000e+00
40.4 1.00000e+00 1.00000e+00
40.5 1.00000e+00 1.00000e+00
40.6 1.00000e+00 1.00000e+00
40.7 1.00000e+00 1.00000e+00
40.8 1.00000e+00 1.00000e+00
40.9 1.00000e+00 1.00000e+00
41.0 1.00000e+00 1.00000e+00
41.1 1.00000e+00 1.00000e+00
41.2 1.00000e+00 1.00000e+00
41.3 1.00000e+00 1.00000e+00
41.4 1.00000e+00 1.00000e+00
41.5 1.00000e+00 1.00000e+00
41.6 1.00000e+00 1.00000e+00
41.7 1.00000e+00 1.00000e+00
41.8 1.00000e+00 1.00000e+00
41.9 1.00000e+00 1.00000e+00
42.0 1.00000e+00 1.00000e+00
42.1 1.00000e+00 1.00000e+00
42.2 1.00000e+00 1.00000e+00
42.3 1.00000e+00 1.00000e+00
42.4 1.00000e+00 1.00000e+00
42.5 1.00000e+00 1.00000e+00
42.6 1.00000e+00 1.00000e+00
42.7 1.00000e+00 1.00000e+00
42.8 1.00000e+00 1.00000e+00
42.9 1.00000e+00 1.00000e+00
43.0 1.00000e+00 1.00000e+00
43.1 1.00000e+00 1.00000e+00
43.2 1.00000e+00 1.00000e+00
43.3 1.00000e+00 1.00000e+00
43.4 1.00000e+00 1.00000e+00
43.5 1.00000e+00 1.00000e+00
43.6 1.00000e+00 1.00000e+00
43.7 1.00000e+00 1.00000e+00
43.8 1.00000e+00 1.00000e+00
43.9 1.00000e+00 1.00000e+00
44.0 1.00000e+00 1.00000e+00
44.1 1.00000e+00 1.00000e+00
44.2 1.00000e+00 1.00000e+00
44.3 1.00000e+00 1.00000e+00
44.4 1.00000e+00 1.00000e+00
44.5 1.00000e+00 1.00000e+00
44.6 1.00000e+00 1.00000e+00
44.7 1.00000e+00 1.00000e+00
44.8 1.00000e+00 1.00000e+00
44.9 1.00000e+00 1.00000e+00
45.0 1.00000e+00 1.00000e+00
45.1 1.00000e+00 1.00000e+00
45.2 1.00000e+00 1.00000e+00
45.3 1.00000e+00 1.00000e+00
45.4 1.00000e+00 1.00000e+00
45.5 1.00000e+00 1.00000e+00
45.6 1.00000e+00 1.00000e+00
45.7 1.00000e+00 1.00000e+00
45.8 1.00000e+00 1.00000e+00
45.9 1.00000e+00 1.00000e+00
46.0 1.00000e+00 1.00000e+00
46.1 1.00000e+00 1.00000e+00
46.2 1.00000e+00 1.00000e+00
46.3 1.00000e+00 1.00000e+00
46.4 1.00000e+00 1.00000e+00
46.5 1.00000e+00 1.00000e+00
46.6 1.00000e+00 1.00000e+00
46.7 1.00000e+00 1.00000e+00
46.8 1.00000e+00 1.00000e+00
46.9 1.00000e+00 1.00000e+00
47.0 1.00000e+00 1.00000e+00
47.1 1.00000e+00 1.00000e+00
47.2 1.00000e+00 1.00000e+00
47.3 1.00000e+00 1.00000e+00
47.4 1.00000e+00 1.00000e+00
47.5 1.00000e+00 1.00000e+00
47.6 1.00000e+00 1.00000e+00
47.7 1.00000e+00 1.00000e+00
47.8 1.00000e+00 1.00000e+00
47.9 1.00000e+00 1.00000e+00
48.0 1.00000e+00 1.00000e+00
48.1 1.00000e+00 1.00000e+00
48.2 1.00000e+00 1.00000e+00
48.3 1.00000e+00 1.00000e+00
48.4 1.00000e+00 1.00000e+00
48.5 1.00000e+00 1.00000e+00
48.6 1.00000e+00 1.00000e+00
48.7 1.00000e+00 1.00000e+00
48.8 1.00000e+00 1.00000e+00
48.9 1.00000e+00 1.00000e+00
49.0 1.00000e+00 1.00000e+00
49.1 1.00000e+00 1.00000e+00
49.2 1.00000e+00 1.00000e+00
49.3 1.00000e+00 1.00000e+00
49.4 1.00000e+00 1.00000e+00
49.5 1.00000e+00 1.00000e+00
49.6 1.00000e+00 1.00000e+00
49.7 1.00000e+00 1.00000e+00
49.8 1.00000e+00 1.00000e+00
49.9 1.00000e+00 1.00000e+00
50.0 1.00000e+00 1.00000e+00
50.1 1.00000e+00 1.00000e+00
50.2 1.00000e+00 1.00000e+00
50.3 1.00000e+00 1.00000e+00
50.4 1.00000e+00 1.00000e+00
50.5 1.00000e+00 1.00000e+00
50.6 1.00000e+00 1.00000e+00
50.7 1.00000e+00 1.00000e+00
50.8 1.00000e+00 1.00000e+00
50.9 1.00000e+00 1.00000e+00
51.0 1.00000e+00 1.00000e+00
51.1 1.00000e+00 1.00000e+00
51.2 1.00000e+00 1.00000e+00
51.3 1.00000e+00 1.00000e+00
51.4 1.00000e+00 1.00000e+00
51.5 1.00000e+00 1.00000e+00
51.6 1.00000e+00 1.00000e+00
51.7 1.00000e+00 1.00000e+00
51.8 1.00000e+00 1.00000e+00
51.9 1.00000e+00 1.00000e+00
52.0 1.00000e+00 1.00000e+00
52.1 1.00000e+00 1.00000e+00
52.2 1.00000e+00 1.00000e+00
52.3 1.00000e+00 1.00000e+00
52.4 1.00000e+00 1.00000e+00
52.5 1.00000e+00 1.00000e+00
52.6 1.00000e+00 1.00000e+00
52.7 1.00000e+00 1.00000e+00
52.8 1.00000e+00 1.00000e+00
52.9 1.00000e+00 1.00000e+00
53.0 1.00000e+00 1.00000e+00
53.1 1.00000e+00 1.00000e+00
53.2 1.00000e+00 1.00000e+00
53.3 1.00000e+00 1.00000e+00
53.4 1.00000e+00 1.00000e+00
53.5 1.00000e+00 1.00000e+00
53.6 1.00000e+00 1.00000e+00
53.7 1.00000e+00 1.00000e+00
53.8 1.00000e+00 1.00000e+00
53.9 1.00000e+00 1.00000e+00
54.0 1.00000e+00 1.00000e+00
54.1 1.00000e+00 1.00000e+00
54.2 1.00000e+00 1.00000e+00
54.3 1.00000e+00 1.00000e+00
54.4 1.00000e+00 1.00000e+00
54.5 1.00000e+00 1.00000e+00
54.6 1.00000e+00 1.00000e+00
54.7 1.00000e+00 1.00000e+00
54.8 1.00000e+00 1.00000e+00
54.9 1.00000e+00 1.00000e+00
55.0 1.00000e+00 1.00000e+00
55.1 1.00000e+00 1.00000e+00
55.2 1.00000e+00 1.00000e+00
55.3 1.00000e+00 1.00000e+00
55.4 1.00000e+00 1.00000e+00
55.5 1.00000e+00 1.00000e+00
55.6 1.00000e+00 1.00000e+00
55.7 1.00000e+00 1.00000e+00
55.8 1.00000e+00 1.00000e+00
55.9 1.00000e+00 1.00000e+00
56.0 1.00000e+00 1.00000e+00
56.1 1.00000e+00 1.00000e+00
56.2 1.00000e+00 1.00000e+00
56.3 1.00000e+00 1.00000e+00
56.4 1.00000e+00 1.00000e+00
56.5 1.00000e+00 1.00000e+00
56.6 1.00000e+00 1.00000e+00
56.7 1.00000e+00 1.00000e+00
56.8 1.00000e+00 1.00000e+00
56.9 1.00000e+00 1.00000e+00
57.0 1.00000e+00 1.00000e+00
57.1 1.00000e+00 1.00000e+00
57.2 1.00000e+00 1.00000e+00
57.3 1.00000e+00 1.00000e+00
57.4 1.00000e+00 1.00000e+00
57.5 1.00000e+00 1.00000e+00
57.6 1.00000e+00 1.00000e+00
57.7 1.00000e+00 1.00000e+00
57.8 1.00000e+00 1.00000e+00
57.9 1.00000e+00 1.00000e+00
58.0 1.00000e+00 1.00000e+00
58.1 1.00000e+00 1.00000e+00
58.2 1.00000e+00 1.00000e+00
58.3 1.00000e+00 1.00000e+00
58.4 1.00000e+00 1.00000e+00
58.5 1.00000e+00 1.00000e+00
58.6 1.00000e+00 1.00000e+00
58.7 1.00000e+00 1.00000e+00
58.8 1.00000e+00 1.00000e+00
58.9 1.00000e+00 1.00000e+00
59.0 1.00000e+00 1.00000e+00
59.1 1.00000e+00 1.00000e+00
59.2 1.00000e+00 1.00000e+00
59.3 1.00000e+00 1.00000e+00
59.4 1.00000e+00 1.00000e+00
59.5 1.00000e+00 1.00000e+00
59.6 1.00000e+00 1.00000e+00
59.7 1.00000e+00 1.00000e+00
59.8 1.00000e+00 1.00000e+00
59.9 1.00000e+00 1.00000e+00
60.0 1.00000e+00 1.00000e+00
60.1 1.00000e+00 1.00000e+00
60.2 1.00000e+00 1.00000e+00
60.3 1.00000e+00 1.00000e+00
60.4 1.00000e+00 1.00000e+00
60.5 1.00000e+00 1.00000e+00
60.6 1.00000e+00 1.00000e+00
60.7 1.00000e+00 1.00000e+00
60.8 1.00000e+00 1.00000e+00
60.9 1.00000e+00 1.00000e+00
61.0 1.00000e+00 1.00000e+00
61.1 1.00000e+00 1.00000e+00
61.2 1.00000e+00 1.00000e+00
61.3 1.00000e+00 1.00000e+00
61.4 1.00000e+00 1.00000e+00
61.5 1.00000e+00 1.00000e+00
61.6 1.00000e+00 1.00000e+00
61.7 1.00000e+00 1.00000e+00
61.8 1.00000e+00 1.00000e+00
61.9 1.00000e+00 1.00000e+00
62.0 1.00000e+00 1.00000e+00
62.1 1.00000e+00 1.00000e+00
62.2 1.00000e+00 1.00000e+00
62.3 1.00000e+00 1.00000e+00
62.4 1.00000e+00 1.00000e+00
62.5 1.00000e+00 1.00000e+00
62.6 1.00000e+00 1.00000e+00
62.7 1.00000e+00 1.00000e+00
62.8 1.00000e+00 1.00000e+00
62.9 1.00000e+00 1.00000e+00
63.0 1.00000e+00 1.00000e+00
63.1 1.00000e+00 1.00000e+00
63.2 1.00000e+00 1.00000e+00
63.3 1.00000e+00 1.00000e+00
63.4 1.00000e+00 1.00000e+00
63.5 1.00000e+00 1.00000e+00
63.6 1.00000e+00 1.00000e+00
63.7 1.00000e+00 1.00000e+00
63.8 1.00000e+00 1.00000e+00
63.9 1.00000e+00 1.00000e+00
64.0 1.00000e+00 1.00000e+00
64.1 1.00000e+00 1.00000e+00
64.2 1.00000e+00 1.00000e+00
64.3 1.00000e+00 1.00000e+00
64.4 1.00000e+00 1.00000e+00
64.5 1.00000e+00 1.00000e+00
64.6 1.00000e+00 1.00000e+00
64.7 1.00000e+00 1.00000e+00
64.8 1.00000e+00 1.00000e+00
64.9 1.00000e+00 1.00000e+00
65.0 1.00000e+00 1.00000e+00
65.1 1.00000e+00 1.00000e+00
65.2 1.00000e+00 1.00000e+00
65.3 1.00000e+00 1.00000e+00
65.4 1.00000e+00 1.00000e+00
65.5 1.00000e+00 1.00000e+00
65.6 1.00000e+00 1.00000e+00
65.7 1.00000e+00 1.00000e+00
65.8 1.00000e+00 1.00000e+00
65.9 1.00000e+00 1.00000e+00
66.0 1.00000e+00 1.00000e+00
66.1 1.00000e+00 1.00000e+00
66.2 1.00000e+00 1.00000e+00
66.3 1.00000e+00 1.00000e+00
66.4 1.00000e+00 1.00000e+00
66.5 1.00000e+00 1.00000e+00
66.6 1.00000e+00 1.00000e+00
66.7 1.00000e+00 1.00000e+00
66.8 1.00000e+00 1.00000e+00
66.9 1.00000e+00 1.00000e+00
67.0 1.00000e+00 1.00000e+00
67.1 1.00000e+00 1.00000e+00
67.2 1.00000e+00 1.00000e+00
67.3 1.00000e+00 1.00000e+00
67.4 1.00000e+00 1.00000e+00
67.5 1.00000e+00 1.00000e+00
67.6 1.00000e+00 1.00000e+00
67.7 1.00000e+00 1.00000e+00
67.8 1.00000e+00 1.00000e+00
67.9 1.00000e+00 1.00000e+00
68.0 1.00000e+00 1.00000e+00
68.1 1.00000e+00 1.00000e+00
68.2 1.00000e+00 1.00000e+00
68.3 1.00000e+00 1.00000e+00
68.4 1.00000e+00 1.00000e+00
68.5 1.00000e+00 1.00000e+00
68.6 1.00000e+00 1.00000e+00
68.7 1.00000e+00 1.00000e+00
68.8 1.00000e+00 1.00000e+00
68.9 1.00000e+00 1.00000e+00
69.0 1.00000e+00 1.00000e+00
69.1 1.00000e+00 1.00000e+00
69.2 1.00000e+00 1.00000e+00
69.3 1.00000e+00 1.00000e+00
69.4 1.00000e+00 1.00000e+00
69.5 1.00000e+00 1.00000e+00
69.6 1.00000e+00 1.00000e+00
69.7 1.00000e+00 1.00000e+00
69.8 1.00000e+00 1.00000e+00
69.9 1.00000e+00 1.00000e+00
70.0 1.00000e+00 1.00000e+00
70.1 1.00000e+00 1.00000e+00
70.2 1.00000e+00 1.00000e+00
70.3 1.00000e+00 1.00000e+00
70.4 1.00000e+00 1.00000e+00
70.5 1.00000e+00 1.00000e+00
70.6 1.00000e+00 1.00000e+00
70.7 1.00000e+00 1.00000e+00
70.8 1.00000e+00 1.00000e+00
70.9 1.00000e+00 1.00000e+00
71.0 1.00000e+00 1.00000e+00
71.1 1.00000e+00 1.00000e+00
71.2 1.00000e+00 1.00000e+00
71.3 1.00000e+00 1.00000e+00
71.4 1.00000e+00 1.00000e+00
71.5 1.00000e+00 1.00000e+00
71.6 1.00000e+00 1.00000e+00
71.7 1.00000e+00 1.00000e+00
71.8 1.00000e+00 1.00000e+00
71.9 1.00000e+00 1.00000e+00
72.0 1.00000e+00 1.00000e+00
72.1 1.00000e+00 1.00000e+00
72.2 1.00000e+00 1.00000e+00
72.3 1.00000e+00 1.00000e+00
72.4 1.00000e+00 1.00000e+00
72.5 1.00000e+00 1.00000e+00
72.6 1.00000e+00 1.00000e+00
72.7 1.00000e+00 1.00000e+00
72.8 1.00000e+00 1.00000e+00
72.9 1.00000e+00 1.00000e+00
73.0 1.00000e+00 1.00000e+00
73.1 1.00000e+00 1.00000e+00
73.2 1.00000e+00 1.00000e+00
73.3 1.00000e+00 1.00000e+00
73.4 1.00000e+00 1.00000e+00
73.5 1.00000e+00 1.00000e+00
73.6 1.00000e+00 1.00000e+00
73.7 1.00000e+00 1.00000e+00
73.8 1.00000e+00 1.00000e+00
73.9 1.00000e+00 1.00000e+00
74.0 1.00000e+00 1.00000e+00
74.1 1.00000e+00 1.00000e+00
74.2 1.00000e+00 1.00000e+00
74.3 1.00000e+00 1.00000e+00
74.4 1.00000e+00 1.00000e+00
74.5 1.00000e+00 1.00000e+00
74.6 1.00000e+00 1.00000e+00
74.7 1.00000e+00 1.00000e+00
74.8 1.00000e+00 1.00000e+00
74.9 1.00000e+00 1.00000e+00
75.0 1.00000e+00 1.00000e+00
75.1 1.00000e+00 1.00000e+00
75.2 1.00000e+00 1.00000e+00
75.3 1.00000e+00 1.00000e+00
75.4 1.00000e+00 1.00000e+00
75.5 1.00000e+00 1.00000e+00
75.6 1.00000e+00 1.00000e+00
75.7 1.00000e+00 1.00000e+00
75.8 1.00000e+00 1.00000e+00
75.9 1.00000e+00 1.00000e+00
76.0 1.00000e+00 1.00000e+00
76.1 1.00000e+00 1.00000e+00
76.2 1.00000e+00 1.00000e+00
76.3 1.00000e+00 1.00000e+00
76.4 1.00000e+00 1.00000e+00
76.5 1.00000e+00 1.00000e+00
76.6 1.00000e+00 1.00000e+00
76.7 1.00000e+00 1.00000e+00
76.8 1.00000e+00 1.00000e+00
76.9 1.00000e+00 1.00000e+00
77.0 1.00000e+00 1.00000e+00
77.1 1.00000e+00 1.00000e+00
77.2 1.00000e+00 1.00000e+00
77.3 1.00000e+00 1.00000e+00
77.4 1.00000e+00 1.00000e+00
77.5 1.00000e+00 1.00000e+00
77.6 1.00000e+00 1.00000e+00
77.7 1.00000e+00 1.00000e+00
77.8 1.00000e+00 1.00000e+00
77.9 1.00000e+00 1.00000e+00
78.0 1.00000e+00 1.00000e+00
78.1 1.00000e+00 1.00000e+00
78.2 1.00000e+00 1.00000e+00
78.3 1.00000e+00 1.00000e+00
78.4 1.00000e+00 1.00000e+00
78.5 1.00000e+00 1.00000e+00
78.6 1.00000e+00 1.00000e+00
78.7 1.00000e+00 1.00000e+00
78.8 1.00000e+00 1.00000e+00
78.9 1.00000e+00 1.00000e+00
79.0 1.00000e+00 1.00000e+00
79.1 1.00000e+00 1.00000e+00
79.2 1.00000e+00 1.00000e+00
79.3 1.00000e+00 1.00000e+00
79.4 1.00000e+00 1.00000e+00
79.5 1.00000e+00 1.00000e+00
79.6 1.00000e+00 1.00000e+00
79.7 1.00000e+00 1.00000e+00
79.8 1.00000e+00 1.00000e+00
79.9 1.00000e+00 1.00000e+00
80.0 1.00000e+00 1.00000e+00
80.1 1.00000e+00 1.00000e+00
80.2 1.00000e+00 1.00000e+00
80.3 1.00000e+00 1.00000e+00
80.4 1.00000e+00 1.00000e+00
80.5 1.00000e+00 1.00000e+00
80.6 1.00000e+00 1.00000e+00
80.7 1.00000e+00 1.00000e+00
80.8 1.00000e+00 1.00000e+00
80.9 1.00000e+00 1.00000e+00
81.0 1.00000e+00 1.00000e+00
81.1 1.00000e+00 1.00000e+00
81.2 1.00000e+00 1.00000e+00
81.3 1.00000e+00 1.00000e+00
81.4 1.00000e+00 1.00000e+00
81.5 1.00000e+00 1.00000e+00
81.6 1.00000e+00 1.00000e+00
81.7 1.00000e+00 1.00000e+00
81.8 1.00000e+00 1.00000e+00
81.9 1.00000e+00 1.00000e+00
82.0 1.00000e+00 1.00000e+00
82.1 1.00000e+00 1.00000e+00
82.2 1.00000e+00 1.00000e+00
82.3 1.00000e+00 1.00000e+00
82.4 1.00000e+00 1.00000e+00
82.5 1.00000e+00 1.00000e+00
82.6 1.00000e+00 1.00000e+00
82.7 1.00000e+00 1.00000e+00
82.8 1.00000e+00 1.00000e+00
82.9 1.00000e+00 1.00000e+00
83.0 1.00000e+00 1.00000e+00
83.1 1.00000e+00 1.00000e+00
83.2 1.00000e+00 1.00000e+00
83.3 1.00000e+00 1.00000e+00
83.4 1.00000e+00 1.00000e+00
83.5 1.00000e+00 1.00000e+00
83.6 1.00000e+00 1.00000e+00
83.7 1.00000e+00 1.00000e+00
83.8 1.00000e+00 1.00000e+00
83.9 1.00000e+00 1.00000e+00
84.0 1.00000e+00 1.00000e+00
84.1 1.00000e+00 1.00000e+00
84.2 1.00000e+00 1.00000e+00
84.3 1.00000e+00 1.00000e+00
84.4 1.00000e+00 1.00000e+00
84.5 1.00000e+00 1.00000e+00
84.6 1.00000e+00 1.00000e+00
84.7 1.00000e+00 1.00000e+00
84.8 1.00000e+00 1.00000e+00
84.9 1.00000e+00 1.00000e+00
85.0 1.00000e+00 1.00000e+00
85.1 1.00000e+00 1.00000e+00
85.2 1.00000e+00 1.00000e+00
85.3 1.00000e+00 1.00000e+00
85.4 1.00000e+00 1.00000e+00
85.5 1.00000e+00 1.00000e+00
85.6 1.00000e+00 1.00000e+00
85.7 1.00000e+00 1.00000e+00
85.8 1.00000e+00 1.00000e+00
85.9 1.00000e+00 1.00000e+00
86.0 1.00000e+00 1.00000e+00
86.1 1.00000e+00 1.00000e+00
86.2 1.00000e+00 1.00000e+00
86.3 1.00000e+00 1.00000e+00
86.4 1.00000e+00 1.00000e+00
86.5 1.00000e+00 1.00000e+00
86.6 1.00000e+00 1.00000e+00
86.7 1.00000e+00 1.00000e+00
86.8 1.00000e+00 1.00000e+00
86.9 1.00000e+00 1.00000e+00
87.0 1.00000e+00 1.00000e+00
87.1 1.00000e+00 1.00000e+00
87.2 1.00000e+00 1.00000e+00
87.3 1.00000e+00 1.00000e+00
87.4 1.00000e+00 1.00000e+00
87.5 1.00000e+00 1.00000e+00
87.6 1.00000e+00 1.00000e+00
87.7 1.00000e+00 1.00000e+00
87.8 1.00000e+00 1.00000e+00
87.9 1.00000e+00 1.00000e+00
88.0 1.00000e+00 1.00000e+00
88.1 1.00000e+00 1.00000e+00
88.2 1.00000e+00 1.00000e+00
88.3 1.00000e+00 1.00000e+00
88.4 1.00000e+00 1.00000e+00
88.5 1.00000e+00 1.00000e+00
88.6 1.00000e+00 1.00000e+00
88.7 1.00000e+00 1.00000e+00
88.8 1.00000e+00 1.00000e+00
88.9 1.00000e+00 1.00000e+00
89.0 1.00000e+00 1.00000e+00
89.1 1.00000e+00 1.00000e+00
89.2 1.00000e+00 1.00000e+00
89.3 1.00000e+00 1.00000e+00
89.4 1.00000e+00 1.00000e+00
89.5 1.00000e+00 1.00000e+00
89.6 1.00000e+00 1.00000e+00
89.7 1.00000e+00 1.00000e+00
89.8 1.00000e+00 1.00000e+00
89.9 1.00000e+00 1.00000e+00
90.0 1.00000e+00 1.00000e+00
90.1 1.00000e+00 1.00000e+00
90.2 1.00000e+00 1.00000e+00
90.3 1.00000e+00 1.00000e+00
90.4 1.00000e+00 1.00000e+00
90.5 1.00000e+00 1.00000e+00
90.6 1.00000e+00 1.00000e+00
90.7 1.00000e+00 1.00000e+00
90.8 1.00000e+00 1.00000e+00
90.9 1.00000e+00 1.00000e+00
91.0 1.00000e+00 1.00000e+00
91.1 1.00000e+00 1.00000e+00
91.2 1.00000e+00 1.00000e+00
91.3 1.00000e+00 1.00000e+00
91.4 1.00000e+00 1.00000e+00
91.5 1.00000e+00 1.00000e+00
91.6 1.00000e+00 1.00000e+00
91.7 1.00000e+00 1.00000e+00
91.8 1.00000e+00 1.00000e+00
91.9 1.00000e+00 1.00000e+00
92.0 1.00000e+00 1.00000e+00
92.1 1.00000e+00 1.00000e+00
92.2 1.00000e+00 1.00000e+00
92.3 1.00000e+00 1.00000e+00
92.4 1.00000e+00 1.00000e+00
92.5 1.00000e+00 1.00000e+00
92.6 1.00000e+00 1.00000e+00
92.7 1.00000e+00 1.00000e+00
92.8 1.00000e+00 1.00000e+00
92.9 1.00000e+00 1.00000e+00
93.0 1.00000e+00 1.00000e+00
93.1 1.00000e+00 1.00000e+00
93.2 1.00000e+00 1.00000e+00
93.3 1.00000e+00 1.00000e+00
93.4 1.00000e+00 1.00000e+00
93.5 1.00000e+00 1.00000e+00
93.6 1.00000e+00 1.00000e+00
93.7 1.00000e+00 1.00000e+00
93.8 1.00000e+00 1.00000e+00
93.9 1.00000e+00 1.00000e+00
94.0 1.00000e+00 1.00000e+00
94.1 1.00000e+00 1.00000e+00
94.2 1.00000e+00 1.00000e+00
94.3 1.00000e+00 1.00000e+00
94.4 1.00000e+00 1.00000e+00
94.5 1.00000e+00 1.00000e+00
94.6 1.00000e+00 1.00000e+00
94.7 1.00000e+00 1.00000e+00
94.8 1.00000e+00 1.00000e+00
94.9 1.00000e+00 1.00000e+00
95.0 1.00000e+00 1.00000e+00
95.1 1.00000e+00 1.00000e+00
95.2 1.00000e+00 1.00000e+00
95.3 1.00000e+00 1.00000e+00
95.4 1.00000e+00 1.00000e+00
95.5 1.00000e+00 1.00000e+00
95.6 1.00000e+00 1.00000e+00
95.7 1.00000e+00 1.00000e+00
95.8 1.00000e+00 1.00000e+00
95.9 1.00000e+00 1.00000e+00
96.0 1.00000e+00 1.00000e+00
96.1 1.00000e+00 1.00000e+00
96.2 1.00000e+00 1.00000e+00
96.3 1.00000e+00 1.00000e+00
96.4 1.00000e+00 1.00000e+00
96.5 1.00000e+00 1.00000e+00
96.6 1.00000e+00 1.00000e+00
96.7 1.00000e+00 1.00000e+00
96.8 1.00000e+00 1.00000e+00
96.9 1.00000e+00 1.00000e+00
97.0 1.00000e+00 1.00000e+00
97.1 1.00000e+00 1.00000e+00
97.2 1.00000e+00 1.00000e+00
97.3 1.00000e+00 1.00000e+00
97.4 1.00000e+00 1.00000e+00
97.5 1.00000e+00 1.00000e+00
97.6 1.00000e+00 1.00000e+00
97.7 1.00000e+00 1.00000e+00
97.8 1.00000e+00 1.00000e+00
97.9 1.00000e+00 1.00000e+00
98.0 1.00000e+00 1.00000e+00
98.1 1.00000e+00 1.00000e+00
98.2 1.00000e+00 1.00000e+00
98.3 1.00000e+00 1.00000e+00
98.4 1.00000e+00 1.00000e+00
98.5 1.00000e+00 1.00000e+00
98.6 1.00000e+00 1.00000e+00
98.7 1.00000e+00 1.00000e+00
98.8 1.00000e+00 1.00000e+00
98.9 1.00000e+00 1.00000e+00
99.0 1.00000e+00 1.00000e+00
99.1 1.00000e+00 1.00000e+00
99.2 1.00000e+00 1.00000e+00
99.3 1.00000e+00 1.00000e+00
99.4 1.00000e+00 1.00000e+00
99.5 1.00000e+00 1.00000e+00
99.6 1.00000e+00 1.00000e+00
99.7 1.00000e+00 1.00000e+00
99.8 1.00000e+00 1.00000e+00
99.9 1.00000e+00 1.00000e+00
100.0 1.00000e+00 1.00000e+00
100.1 1.00000e+00 1.00000e+00
