    4.00000         0.00000    
    4.05000         0.00000    
    4.10000         0.00000    
    4.15000         0.00000    
    4.20000        1.806923E-04
    4.25000        1.285547E-03
    4.30000        7.594531E-03
    4.35000        3.735567E-02
    4.40000        0.145808    
    4.45000        0.397660    
    4.50000        0.691839    
    4.55000        0.878735    
    4.60000        0.953788    
    4.65000        0.982374    
    4.70000        0.998269    
    4.75000         1.02501    
    4.80000         1.10127    
    4.85000         1.27905    
    4.90000         1.54329    
    4.95000         1.76538    
    5.00000         1.89020    
    5.05000         1.94867    
    5.10000         1.97503    
    5.15000         1.98721    
    5.20000         1.99309    
    5.25000         1.99608    
    5.30000         1.99767    
    5.35000         1.99856    
    5.40000         1.99907    
    5.45000         1.99939    
    5.50000         1.99958    
    5.55000         1.99971    
    5.60000         1.99979    
    5.65000         1.99984    
    5.70000         1.99988    
    5.75000         1.99991    
    5.80000         1.99993    
    5.85000         1.99995    
    5.90000         1.99996    
    5.95000         1.99997    
    6.00000         1.99997    
    6.05000         1.99998    
    6.10000         1.99998    
    6.15000         1.99998    
    6.20000         1.99999    
    6.25000         1.99999    
    6.30000         1.99998    
    6.35000         1.99998    
    6.40000         1.99999    
    6.45000         1.99999    
    6.50000         1.99999    
    6.55000         1.99999    
    6.60000         1.99999    
    6.65000         1.99999    
    6.70000         1.99999    
    6.75000         1.99999    
    6.80000         2.00000    
    6.85000         2.00000    
    6.90000         2.00000    
    6.95000         2.00000    
    7.00000         2.00000    
    7.05000         2.00000    
    7.10000         2.00000    
    7.15000         2.00000    
    7.20000         2.00000    
    7.25000         2.00000    
    7.30000         2.00000    
    7.35000         2.00000    
    7.40000         2.00000    
    7.45000         2.00000    
    7.50000         2.00000    
    7.55000         2.00000    
    7.60000         2.00000    
    7.65000         2.00000    
    7.70000         2.00000    
    7.75000         2.00000    
    7.80000         2.00000    
    7.85000         2.00000    
    7.90000         2.00000    
    7.95000         2.00000    
    8.00000         2.00000    
    8.05000         2.00000    
    8.10000         2.00000    
    8.15000         2.00000    
    8.20000         2.00000    
    8.25000         2.00000    
    8.30000         1.99999    
    8.35000         1.99999    
    8.40000         1.99999    
    8.45000         1.99999    
    8.50000         1.99999    
    8.55000         1.99999    
    8.60000         1.99999    
    8.65000         1.99999    
    8.70000         1.99999    
    8.75000         1.99999    
    8.80000         1.99999    
    8.85000         1.99999    
    8.90000         1.99999    
    8.95000         1.99999    
    9.00000         1.99999    
