    4.00000        3.270196E-03
    4.05000        1.851966E-02
    4.10000        8.404828E-02
    4.15000        0.276597    
    4.20000        0.547076    
    4.25000        0.807554    
    4.30000        0.920017    
    4.35000        0.961528    
    4.40000        0.977891    
    4.45000        0.985830    
    4.50000        0.992224    
    4.55000         1.00233    
    4.60000         1.02352    
    4.65000         1.06681    
    4.70000         1.14810    
    4.75000         1.27473    
    4.80000         1.44519    
    4.85000         1.61737    
    4.90000         1.78290    
    4.95000         1.94417    
    5.00000         2.11433    
    5.05000         2.29943    
    5.10000         2.49106    
    5.15000         2.67773    
    5.20000         2.86025    
    5.25000         3.05322    
    5.30000         3.27749    
    5.35000         3.56964    
    5.40000         4.01989    
    5.45000         4.69232    
    5.50000         5.33187    
    5.55000         5.69383    
    5.60000         5.85413    
    5.65000         5.92431    
    5.70000         5.95739    
    5.75000         5.97429    
    5.80000         5.98366    
    5.85000         5.98917    
    5.90000         5.99297    
    5.95000         5.99686    
    6.00000         6.00388    
    6.05000         6.01966    
    6.10000         6.05311    
    6.15000         6.11549    
    6.20000         6.21696    
    6.25000         6.36397    
    6.30000         6.56006    
    6.35000         6.80270    
    6.40000         7.07180    
    6.45000         7.32861    
    6.50000         7.53852    
    6.55000         7.69064    
    6.60000         7.79317    
    6.65000         7.86009    
    6.70000         7.90354    
    6.75000         7.93200    
    6.80000         7.95101    
    6.85000         7.96395    
    6.90000         7.97294    
    6.95000         7.97932    
    7.00000         7.98394    
    7.05000         7.98733    
    7.10000         7.98987    
    7.15000         7.99181    
    7.20000         7.99331    
    7.25000         7.99448    
    7.30000         7.99540    
    7.35000         7.99614    
    7.40000         7.99668    
    7.45000         7.99719    
    7.50000         7.99761    
    7.55000         7.99795    
    7.60000         7.99823    
    7.65000         7.99847    
    7.70000         7.99867    
    7.75000         7.99884    
    7.80000         7.99899    
    7.85000         7.99911    
    7.90000         7.99922    
    7.95000         7.99931    
    8.00000         7.99939    
    8.05000         7.99946    
    8.10000         7.99951    
    8.15000         7.99956    
    8.20000         7.99961    
    8.25000         7.99964    
    8.30000         7.99967    
    8.35000         7.99970    
    8.40000         7.99971    
    8.45000         7.99973    
    8.50000         7.99974    
    8.55000         7.99975    
    8.60000         7.99975    
    8.65000         7.99975    
    8.70000         7.99975    
    8.75000         7.99974    
    8.80000         7.99974    
    8.85000         7.99972    
    8.90000         7.99971    
    8.95000         7.99969    
    9.00000         7.99967    
