    4.00000        8.302098E-04
    4.05000        5.420440E-03
    4.10000        2.897611E-02
    4.15000        0.122126    
    4.20000        0.358890    
    4.25000        0.649344    
    4.30000        0.861922    
    4.35000        0.945899    
    4.40000        0.976795    
    4.45000        0.992241    
    4.50000         1.00977    
    4.55000         1.04161    
    4.60000         1.10409    
    4.65000         1.20411    
    4.70000         1.33810    
    4.75000         1.48810    
    4.80000         1.65351    
    4.85000         1.78390    
    4.90000         1.91166    
    4.95000         2.05247    
    5.00000         2.21756    
    5.05000         2.40494    
    5.10000         2.60773    
    5.15000         2.84519    
    5.20000         3.20199    
    5.25000         3.76829    
    5.30000         4.35604    
    5.35000         4.70828    
    5.40000         4.86574    
    5.45000         4.93328    
    5.50000         4.96407    
    5.55000         4.97927    
    5.60000         4.98730    
    5.65000         4.99190    
    5.70000         4.99471    
    5.75000         4.99697    
    5.80000         5.00033    
    5.85000         5.00841    
    5.90000         5.02945    
    5.95000         5.07655    
    6.00000         5.16378    
    6.05000         5.29606    
    6.10000         5.46781    
    6.15000         5.67474    
    6.20000         5.91577    
    6.25000         6.17530    
    6.30000         6.41724    
    6.35000         6.60974    
    6.40000         6.74519    
    6.45000         6.83388    
    6.50000         6.89024    
    6.55000         6.92593    
    6.60000         6.94883    
    6.65000         6.96379    
    6.70000         6.97379    
    6.75000         6.98061    
    6.80000         6.98538    
    6.85000         6.98877    
    6.90000         6.99124    
    6.95000         6.99307    
    7.00000         6.99444    
    7.05000         6.99549    
    7.10000         6.99630    
    7.15000         6.99694    
    7.20000         6.99745    
    7.25000         6.99782    
    7.30000         6.99816    
    7.35000         6.99844    
    7.40000         6.99867    
    7.45000         6.99885    
    7.50000         6.99901    
    7.55000         6.99914    
    7.60000         6.99926    
    7.65000         6.99935    
    7.70000         6.99943    
    7.75000         6.99950    
    7.80000         6.99956    
    7.85000         6.99961    
    7.90000         6.99966    
    7.95000         6.99969    
    8.00000         6.99972    
    8.05000         6.99975    
    8.10000         6.99978    
    8.15000         6.99980    
    8.20000         6.99981    
    8.25000         6.99983    
    8.30000         6.99984    
    8.35000         6.99984    
    8.40000         6.99985    
    8.45000         6.99985    
    8.50000         6.99986    
    8.55000         6.99986    
    8.60000         6.99985    
    8.65000         6.99985    
    8.70000         6.99984    
    8.75000         6.99984    
    8.80000         6.99983    
    8.85000         6.99982    
    8.90000         6.99980    
    8.95000         6.99979    
    9.00000         6.99978    
