    4.00000        3.677863E-02
    4.05000        0.146066    
    4.10000        0.397587    
    4.15000        0.679606    
    4.20000        0.865646    
    4.25000        0.939771    
    4.30000        0.968319    
    4.35000        0.982785    
    4.40000        0.997620    
    4.45000         1.02417    
    4.50000         1.07501    
    4.55000         1.16384    
    4.60000         1.29189    
    4.65000         1.44385    
    4.70000         1.59304    
    4.75000         1.72006    
    4.80000         1.83411    
    4.85000         1.92940    
    4.90000         2.05382    
    4.95000         2.26941    
    5.00000         2.66222    
    5.05000         3.19009    
    5.10000         3.60496    
    5.15000         3.81952    
    5.20000         3.91445    
    5.25000         3.95664    
    5.30000         3.97651    
    5.35000         3.98650    
    5.40000         3.99183    
    5.45000         3.99479    
    5.50000         3.99665    
    5.55000         3.99800    
    5.60000         3.99985    
    5.65000         4.00475    
    5.70000         4.01904    
    5.75000         4.05697    
    5.80000         4.13794    
    5.85000         4.27301    
    5.90000         4.45057    
    5.95000         4.65302    
    6.00000         4.87965    
    6.05000         5.13094    
    6.10000         5.38085    
    6.15000         5.58981    
    6.20000         5.73921    
    6.25000         5.83589    
    6.30000         5.89562    
    6.35000         5.93219    
    6.40000         5.95481    
    6.45000         5.96906    
    6.50000         5.97827    
    6.55000         5.98437    
    6.60000         5.98850    
    6.65000         5.99137    
    6.70000         5.99341    
    6.75000         5.99488    
    6.80000         5.99596    
    6.85000         5.99677    
    6.90000         5.99739    
    6.95000         5.99784    
    7.00000         5.99822    
    7.05000         5.99852    
    7.10000         5.99876    
    7.15000         5.99896    
    7.20000         5.99911    
    7.25000         5.99924    
    7.30000         5.99935    
    7.35000         5.99944    
    7.40000         5.99952    
    7.45000         5.99958    
    7.50000         5.99963    
    7.55000         5.99968    
    7.60000         5.99972    
    7.65000         5.99975    
    7.70000         5.99978    
    7.75000         5.99981    
    7.80000         5.99983    
    7.85000         5.99985    
    7.90000         5.99986    
    7.95000         5.99988    
    8.00000         5.99989    
    8.05000         5.99990    
    8.10000         5.99990    
    8.15000         5.99991    
    8.20000         5.99991    
    8.25000         5.99992    
    8.30000         5.99992    
    8.35000         5.99992    
    8.40000         5.99992    
    8.45000         5.99992    
    8.50000         5.99992    
    8.55000         5.99992    
    8.60000         5.99991    
    8.65000         5.99991    
    8.70000         5.99990    
    8.75000         5.99990    
    8.80000         5.99989    
    8.85000         5.99988    
    8.90000         5.99987    
    8.95000         5.99986    
    9.00000         5.99985    
