# Cooling curves for integrated and approximate forms of dust cooling, grain size, a = 1.000e+00
T,Lambda_int,h_e_int,H_el_int,Lambda_approx,h_e_approx,H_el_approx,Hcoll
1.000e+00,6.605e-18,1.000e+00,2.767e-14,6.605e-18,1.000e+00,2.767e-14,5.381e-16
1.109e+00,7.716e-18,1.000e+00,3.232e-14,7.716e-18,1.000e+00,3.232e-14,6.286e-16
1.230e+00,9.013e-18,1.000e+00,3.776e-14,9.013e-18,1.000e+00,3.776e-14,7.343e-16
1.365e+00,1.053e-17,1.000e+00,4.410e-14,1.053e-17,1.000e+00,4.410e-14,8.577e-16
1.514e+00,1.230e-17,1.000e+00,5.152e-14,1.230e-17,1.000e+00,5.152e-14,1.002e-15
1.679e+00,1.437e-17,1.000e+00,6.018e-14,1.437e-17,1.000e+00,6.018e-14,1.170e-15
1.862e+00,1.678e-17,1.000e+00,7.030e-14,1.678e-17,1.000e+00,7.030e-14,1.367e-15
2.065e+00,1.961e-17,1.000e+00,8.213e-14,1.961e-17,1.000e+00,8.213e-14,1.597e-15
2.291e+00,2.290e-17,1.000e+00,9.594e-14,2.290e-17,1.000e+00,9.594e-14,1.866e-15
2.541e+00,2.675e-17,1.000e+00,1.121e-13,2.675e-17,1.000e+00,1.121e-13,2.179e-15
2.818e+00,3.125e-17,1.000e+00,1.309e-13,3.125e-17,1.000e+00,1.309e-13,2.546e-15
3.126e+00,3.651e-17,1.000e+00,1.529e-13,3.651e-17,1.000e+00,1.529e-13,2.974e-15
3.467e+00,4.265e-17,1.000e+00,1.786e-13,4.265e-17,1.000e+00,1.786e-13,3.474e-15
3.846e+00,4.982e-17,1.000e+00,2.087e-13,4.982e-17,1.000e+00,2.087e-13,4.058e-15
4.266e+00,5.819e-17,1.000e+00,2.438e-13,5.819e-17,1.000e+00,2.438e-13,4.741e-15
4.732e+00,6.798e-17,1.000e+00,2.848e-13,6.798e-17,1.000e+00,2.848e-13,5.538e-15
5.248e+00,7.941e-17,1.000e+00,3.326e-13,7.941e-17,1.000e+00,3.326e-13,6.469e-15
5.821e+00,9.276e-17,1.000e+00,3.886e-13,9.276e-17,1.000e+00,3.886e-13,7.557e-15
6.457e+00,1.084e-16,1.000e+00,4.539e-13,1.084e-16,1.000e+00,4.539e-13,8.828e-15
7.161e+00,1.266e-16,1.000e+00,5.303e-13,1.266e-16,1.000e+00,5.303e-13,1.031e-14
7.943e+00,1.479e-16,1.000e+00,6.194e-13,1.479e-16,1.000e+00,6.194e-13,1.205e-14
8.810e+00,1.727e-16,1.000e+00,7.236e-13,1.727e-16,1.000e+00,7.236e-13,1.407e-14
9.772e+00,2.018e-16,1.000e+00,8.452e-13,2.018e-16,1.000e+00,8.452e-13,1.644e-14
1.084e+01,2.357e-16,1.000e+00,9.874e-13,2.357e-16,1.000e+00,9.874e-13,1.920e-14
1.202e+01,2.753e-16,1.000e+00,1.153e-12,2.753e-16,1.000e+00,1.153e-12,2.243e-14
1.334e+01,3.216e-16,1.000e+00,1.347e-12,3.216e-16,1.000e+00,1.347e-12,2.620e-14
1.479e+01,3.757e-16,1.000e+00,1.574e-12,3.757e-16,1.000e+00,1.574e-12,3.061e-14
1.641e+01,4.389e-16,1.000e+00,1.839e-12,4.389e-16,1.000e+00,1.839e-12,3.576e-14
1.820e+01,5.127e-16,1.000e+00,2.148e-12,5.127e-16,1.000e+00,2.148e-12,4.177e-14
2.018e+01,5.989e-16,1.000e+00,2.509e-12,5.989e-16,1.000e+00,2.509e-12,4.879e-14
2.239e+01,6.996e-16,1.000e+00,2.931e-12,6.996e-16,1.000e+00,2.931e-12,5.700e-14
2.483e+01,8.173e-16,1.000e+00,3.424e-12,8.173e-16,1.000e+00,3.424e-12,6.658e-14
2.754e+01,9.547e-16,1.000e+00,3.999e-12,9.547e-16,1.000e+00,3.999e-12,7.778e-14
3.055e+01,1.115e-15,1.000e+00,4.672e-12,1.115e-15,1.000e+00,4.672e-12,9.086e-14
3.388e+01,1.303e-15,1.000e+00,5.457e-12,1.303e-15,1.000e+00,5.457e-12,1.061e-13
3.758e+01,1.522e-15,1.000e+00,6.375e-12,1.522e-15,1.000e+00,6.375e-12,1.240e-13
4.169e+01,1.778e-15,1.000e+00,7.447e-12,1.778e-15,1.000e+00,7.447e-12,1.448e-13
4.624e+01,2.077e-15,1.000e+00,8.699e-12,2.077e-15,1.000e+00,8.699e-12,1.692e-13
5.129e+01,2.426e-15,1.000e+00,1.016e-11,2.426e-15,1.000e+00,1.016e-11,1.976e-13
5.689e+01,2.834e-15,1.000e+00,1.187e-11,2.834e-15,1.000e+00,1.187e-11,2.309e-13
6.310e+01,3.310e-15,1.000e+00,1.387e-11,3.310e-15,1.000e+00,1.387e-11,2.697e-13
6.998e+01,3.867e-15,1.000e+00,1.620e-11,3.867e-15,1.000e+00,1.620e-11,3.150e-13
7.762e+01,4.517e-15,1.000e+00,1.892e-11,4.517e-15,1.000e+00,1.892e-11,3.680e-13
8.610e+01,5.277e-15,1.000e+00,2.210e-11,5.277e-15,1.000e+00,2.210e-11,4.299e-13
9.550e+01,6.164e-15,1.000e+00,2.582e-11,6.164e-15,1.000e+00,2.582e-11,5.022e-13
1.059e+02,7.201e-15,1.000e+00,3.016e-11,7.201e-15,1.000e+00,3.016e-11,5.866e-13
1.175e+02,8.411e-15,1.000e+00,3.524e-11,8.411e-15,1.000e+00,3.524e-11,6.853e-13
1.303e+02,9.826e-15,1.000e+00,4.116e-11,9.826e-15,1.000e+00,4.116e-11,8.005e-13
1.445e+02,1.148e-14,1.000e+00,4.808e-11,1.148e-14,1.000e+00,4.808e-11,9.351e-13
1.603e+02,1.341e-14,1.000e+00,5.617e-11,1.341e-14,1.000e+00,5.617e-11,1.092e-12
1.778e+02,1.566e-14,1.000e+00,6.561e-11,1.566e-14,1.000e+00,6.561e-11,1.276e-12
1.972e+02,1.830e-14,1.000e+00,7.664e-11,1.830e-14,1.000e+00,7.664e-11,1.491e-12
2.188e+02,2.137e-14,1.000e+00,8.953e-11,2.137e-14,1.000e+00,8.953e-11,1.741e-12
2.427e+02,2.497e-14,1.000e+00,1.046e-10,2.497e-14,1.000e+00,1.046e-10,2.034e-12
2.692e+02,2.917e-14,1.000e+00,1.222e-10,2.917e-14,1.000e+00,1.222e-10,2.376e-12
2.985e+02,3.407e-14,1.000e+00,1.427e-10,3.407e-14,1.000e+00,1.427e-10,2.776e-12
3.311e+02,3.980e-14,1.000e+00,1.667e-10,3.980e-14,1.000e+00,1.667e-10,3.242e-12
3.673e+02,4.649e-14,1.000e+00,1.948e-10,4.649e-14,1.000e+00,1.948e-10,3.787e-12
4.074e+02,5.431e-14,1.000e+00,2.275e-10,5.431e-14,1.000e+00,2.275e-10,4.424e-12
4.519e+02,6.344e-14,1.000e+00,2.658e-10,6.344e-14,1.000e+00,2.658e-10,5.168e-12
5.012e+02,7.411e-14,1.000e+00,3.104e-10,7.411e-14,1.000e+00,3.104e-10,6.037e-12
5.559e+02,8.657e-14,1.000e+00,3.626e-10,8.657e-14,1.000e+00,3.626e-10,7.053e-12
6.166e+02,1.011e-13,1.000e+00,4.236e-10,1.011e-13,1.000e+00,4.236e-10,8.239e-12
6.839e+02,1.181e-13,1.000e+00,4.949e-10,1.181e-13,1.000e+00,4.949e-10,9.624e-12
7.586e+02,1.380e-13,1.000e+00,5.781e-10,1.380e-13,1.000e+00,5.781e-10,1.124e-11
8.414e+02,1.612e-13,1.000e+00,6.753e-10,1.612e-13,1.000e+00,6.753e-10,1.313e-11
9.333e+02,1.883e-13,1.000e+00,7.888e-10,1.883e-13,1.000e+00,7.888e-10,1.534e-11
1.035e+03,2.200e-13,1.000e+00,9.215e-10,2.200e-13,1.000e+00,9.215e-10,1.792e-11
1.148e+03,2.570e-13,1.000e+00,1.076e-09,2.570e-13,1.000e+00,1.076e-09,2.093e-11
1.274e+03,3.002e-13,1.000e+00,1.257e-09,3.002e-13,1.000e+00,1.257e-09,2.445e-11
1.413e+03,3.506e-13,1.000e+00,1.469e-09,3.506e-13,1.000e+00,1.469e-09,2.857e-11
1.567e+03,4.096e-13,1.000e+00,1.716e-09,4.096e-13,1.000e+00,1.716e-09,3.337e-11
1.738e+03,4.785e-13,1.000e+00,2.004e-09,4.785e-13,1.000e+00,2.004e-09,3.898e-11
1.928e+03,5.589e-13,1.000e+00,2.341e-09,5.589e-13,1.000e+00,2.341e-09,4.554e-11
2.138e+03,6.529e-13,1.000e+00,2.735e-09,6.529e-13,1.000e+00,2.735e-09,5.319e-11
2.371e+03,7.627e-13,1.000e+00,3.195e-09,7.627e-13,1.000e+00,3.195e-09,6.214e-11
2.630e+03,8.910e-13,1.000e+00,3.732e-09,8.910e-13,1.000e+00,3.732e-09,7.259e-11
2.917e+03,1.041e-12,1.000e+00,4.360e-09,1.041e-12,1.000e+00,4.360e-09,8.479e-11
3.236e+03,1.216e-12,1.000e+00,5.093e-09,1.216e-12,1.000e+00,5.093e-09,9.905e-11
3.589e+03,1.420e-12,1.000e+00,5.950e-09,1.420e-12,1.000e+00,5.950e-09,1.157e-10
3.981e+03,1.659e-12,1.000e+00,6.950e-09,1.659e-12,1.000e+00,6.950e-09,1.352e-10
4.416e+03,1.938e-12,1.000e+00,8.119e-09,1.938e-12,1.000e+00,8.119e-09,1.579e-10
4.898e+03,2.264e-12,1.000e+00,9.484e-09,2.264e-12,1.000e+00,9.484e-09,1.844e-10
5.433e+03,2.645e-12,1.000e+00,1.108e-08,2.645e-12,1.000e+00,1.108e-08,2.155e-10
6.026e+03,3.089e-12,1.000e+00,1.294e-08,3.089e-12,1.000e+00,1.294e-08,2.517e-10
6.683e+03,3.609e-12,1.000e+00,1.512e-08,3.609e-12,1.000e+00,1.512e-08,2.940e-10
7.413e+03,4.216e-12,1.000e+00,1.766e-08,4.216e-12,1.000e+00,1.766e-08,3.434e-10
8.222e+03,4.925e-12,1.000e+00,2.063e-08,4.925e-12,1.000e+00,2.063e-08,4.012e-10
9.120e+03,5.753e-12,1.000e+00,2.410e-08,5.753e-12,1.000e+00,2.410e-08,4.687e-10
1.012e+04,6.720e-12,1.000e+00,2.815e-08,6.720e-12,1.000e+00,2.815e-08,5.475e-10
1.122e+04,7.850e-12,1.000e+00,3.288e-08,7.850e-12,1.000e+00,3.288e-08,6.395e-10
1.245e+04,9.170e-12,1.000e+00,3.841e-08,9.170e-12,1.000e+00,3.841e-08,7.471e-10
1.380e+04,1.071e-11,1.000e+00,4.487e-08,1.071e-11,1.000e+00,4.487e-08,8.727e-10
1.531e+04,1.251e-11,1.000e+00,5.242e-08,1.251e-11,1.000e+00,5.242e-08,1.019e-09
1.698e+04,1.462e-11,1.000e+00,6.123e-08,1.462e-11,1.000e+00,6.123e-08,1.191e-09
1.884e+04,1.708e-11,1.000e+00,7.153e-08,1.708e-11,1.000e+00,7.153e-08,1.391e-09
2.089e+04,1.995e-11,1.000e+00,8.356e-08,1.995e-11,1.000e+00,8.356e-08,1.625e-09
2.317e+04,2.330e-11,1.000e+00,9.761e-08,2.330e-11,1.000e+00,9.761e-08,1.898e-09
2.570e+04,2.722e-11,1.000e+00,1.140e-07,2.722e-11,1.000e+00,1.140e-07,2.217e-09
2.851e+04,3.180e-11,1.000e+00,1.332e-07,3.180e-11,1.000e+00,1.332e-07,2.590e-09
3.162e+04,3.714e-11,1.000e+00,1.556e-07,3.714e-11,1.000e+00,1.556e-07,3.026e-09
3.508e+04,4.339e-11,1.000e+00,1.818e-07,4.339e-11,1.000e+00,1.818e-07,3.535e-09
3.890e+04,5.068e-11,1.000e+00,2.123e-07,5.068e-11,1.000e+00,2.123e-07,4.129e-09
4.315e+04,5.921e-11,1.000e+00,2.480e-07,5.921e-11,1.000e+00,2.480e-07,4.823e-09
4.786e+04,6.916e-11,1.000e+00,2.897e-07,6.916e-11,1.000e+00,2.897e-07,5.634e-09
5.309e+04,8.079e-11,1.000e+00,3.384e-07,8.079e-11,1.000e+00,3.384e-07,6.582e-09
5.888e+04,9.438e-11,1.000e+00,3.954e-07,9.438e-11,1.000e+00,3.954e-07,7.689e-09
6.531e+04,1.102e-10,1.000e+00,4.618e-07,1.102e-10,1.000e+00,4.618e-07,8.982e-09
7.244e+04,1.288e-10,1.000e+00,5.395e-07,1.288e-10,1.000e+00,5.395e-07,1.049e-08
8.035e+04,1.504e-10,1.000e+00,6.302e-07,1.504e-10,1.000e+00,6.302e-07,1.226e-08
8.913e+04,1.757e-10,1.000e+00,7.362e-07,1.757e-10,1.000e+00,7.362e-07,1.432e-08
9.886e+04,2.053e-10,1.000e+00,8.600e-07,2.053e-10,1.000e+00,8.600e-07,1.672e-08
1.096e+05,2.398e-10,1.000e+00,1.005e-06,2.398e-10,1.000e+00,1.005e-06,1.954e-08
1.216e+05,2.801e-10,1.000e+00,1.173e-06,2.801e-10,1.000e+00,1.173e-06,2.282e-08
1.349e+05,3.272e-10,1.000e+00,1.371e-06,3.272e-10,1.000e+00,1.371e-06,2.666e-08
1.496e+05,3.823e-10,1.000e+00,1.601e-06,3.823e-10,1.000e+00,1.601e-06,3.114e-08
1.660e+05,4.465e-10,1.000e+00,1.871e-06,4.465e-10,1.000e+00,1.871e-06,3.638e-08
1.841e+05,5.216e-10,1.000e+00,2.185e-06,5.216e-10,1.000e+00,2.185e-06,4.250e-08
2.042e+05,6.094e-10,1.000e+00,2.553e-06,6.094e-10,1.000e+00,2.553e-06,4.964e-08
2.265e+05,7.118e-10,1.000e+00,2.982e-06,7.118e-10,1.000e+00,2.982e-06,5.799e-08
2.512e+05,8.315e-10,1.000e+00,3.483e-06,8.315e-10,1.000e+00,3.483e-06,6.774e-08
2.786e+05,9.713e-10,1.000e+00,4.069e-06,9.713e-10,1.000e+00,4.069e-06,7.913e-08
3.090e+05,1.135e-09,1.000e+00,4.753e-06,1.135e-09,1.000e+00,4.753e-06,9.244e-08
3.428e+05,1.325e-09,1.000e+00,5.552e-06,1.325e-09,1.000e+00,5.552e-06,1.080e-07
3.802e+05,1.548e-09,1.000e+00,6.486e-06,1.548e-09,1.000e+00,6.486e-06,1.261e-07
4.217e+05,1.809e-09,1.000e+00,7.577e-06,1.809e-09,1.000e+00,7.577e-06,1.474e-07
4.677e+05,2.113e-09,1.000e+00,8.851e-06,2.113e-09,1.000e+00,8.851e-06,1.721e-07
5.188e+05,2.468e-09,1.000e+00,1.034e-05,2.468e-09,1.000e+00,1.034e-05,2.011e-07
5.754e+05,2.883e-09,1.000e+00,1.208e-05,2.883e-09,1.000e+00,1.208e-05,2.349e-07
6.383e+05,3.368e-09,1.000e+00,1.411e-05,3.368e-09,1.000e+00,1.411e-05,2.744e-07
7.079e+05,3.934e-09,1.000e+00,1.648e-05,3.934e-09,1.000e+00,1.648e-05,3.205e-07
7.852e+05,4.596e-09,1.000e+00,1.925e-05,4.596e-09,1.000e+00,1.925e-05,3.744e-07
8.710e+05,5.369e-09,1.000e+00,2.249e-05,5.369e-09,1.000e+00,2.249e-05,4.374e-07
9.661e+05,6.271e-09,1.000e+00,2.627e-05,6.271e-09,1.000e+00,2.627e-05,5.109e-07
1.072e+06,7.326e-09,1.000e+00,3.069e-05,7.326e-09,1.000e+00,3.069e-05,5.968e-07
1.189e+06,8.558e-09,1.000e+00,3.585e-05,8.558e-09,1.000e+00,3.585e-05,6.972e-07
1.318e+06,9.997e-09,1.000e+00,4.188e-05,9.997e-09,1.000e+00,4.188e-05,8.144e-07
1.462e+06,1.168e-08,1.000e+00,4.892e-05,1.168e-08,1.000e+00,4.892e-05,9.514e-07
1.622e+06,1.364e-08,1.000e+00,5.715e-05,1.364e-08,1.000e+00,5.715e-05,1.111e-06
1.799e+06,1.594e-08,1.000e+00,6.675e-05,1.594e-08,1.000e+00,6.675e-05,1.298e-06
1.995e+06,1.862e-08,1.000e+00,7.798e-05,1.862e-08,1.000e+00,7.798e-05,1.517e-06
2.213e+06,2.175e-08,1.000e+00,9.109e-05,2.175e-08,1.000e+00,9.109e-05,1.772e-06
2.455e+06,2.540e-08,1.000e+00,1.064e-04,2.540e-08,1.000e+00,1.064e-04,2.069e-06
2.723e+06,2.967e-08,1.000e+00,1.243e-04,2.967e-08,1.000e+00,1.243e-04,2.417e-06
3.020e+06,3.466e-08,1.000e+00,1.452e-04,3.466e-08,1.000e+00,1.452e-04,2.824e-06
3.350e+06,4.049e-08,1.000e+00,1.696e-04,4.049e-08,1.000e+00,1.696e-04,3.299e-06
3.715e+06,4.730e-08,1.000e+00,1.981e-04,4.730e-08,1.000e+00,1.981e-04,3.853e-06
4.121e+06,5.525e-08,1.000e+00,2.315e-04,5.525e-08,1.000e+00,2.315e-04,4.501e-06
4.571e+06,6.455e-08,1.000e+00,2.704e-04,6.455e-08,1.000e+00,2.704e-04,5.258e-06
5.070e+06,7.540e-08,1.000e+00,3.159e-04,7.540e-08,1.000e+00,3.159e-04,6.143e-06
5.623e+06,8.808e-08,1.000e+00,3.690e-04,8.808e-08,1.000e+00,3.690e-04,7.175e-06
6.237e+06,1.029e-07,1.000e+00,4.310e-04,1.029e-07,1.000e+00,4.310e-04,8.382e-06
6.918e+06,1.202e-07,1.000e+00,5.035e-04,1.202e-07,1.000e+00,5.035e-04,9.792e-06
7.674e+06,1.404e-07,1.000e+00,5.881e-04,1.404e-07,1.000e+00,5.881e-04,1.144e-05
8.511e+06,1.640e-07,1.000e+00,6.870e-04,1.640e-07,1.000e+00,6.870e-04,1.336e-05
9.441e+06,1.916e-07,1.000e+00,8.026e-04,1.916e-07,1.000e+00,8.026e-04,1.561e-05
1.047e+07,2.238e-07,1.000e+00,9.375e-04,2.238e-07,1.000e+00,9.375e-04,1.823e-05
1.161e+07,2.614e-07,1.000e+00,1.095e-03,2.614e-07,1.000e+00,1.095e-03,2.130e-05
1.288e+07,3.054e-07,1.000e+00,1.279e-03,3.054e-07,1.000e+00,1.279e-03,2.488e-05
1.429e+07,3.568e-07,1.000e+00,1.494e-03,3.568e-07,1.000e+00,1.494e-03,2.906e-05
1.585e+07,4.167e-07,1.000e+00,1.746e-03,4.167e-07,1.000e+00,1.746e-03,3.395e-05
1.758e+07,4.868e-07,1.000e+00,2.039e-03,4.868e-07,1.000e+00,2.039e-03,3.966e-05
1.950e+07,5.687e-07,1.000e+00,2.382e-03,5.687e-07,1.000e+00,2.382e-03,4.633e-05
2.163e+07,6.643e-07,9.999e-01,2.783e-03,6.643e-07,1.000e+00,2.783e-03,5.412e-05
2.399e+07,7.758e-07,9.997e-01,3.250e-03,7.760e-07,1.000e+00,3.251e-03,6.322e-05
2.661e+07,9.059e-07,9.993e-01,3.795e-03,9.065e-07,1.000e+00,3.797e-03,7.385e-05
2.951e+07,1.057e-06,9.984e-01,4.429e-03,1.059e-06,1.000e+00,4.436e-03,8.627e-05
3.273e+07,1.233e-06,9.965e-01,5.164e-03,1.237e-06,1.000e+00,5.182e-03,1.008e-04
3.631e+07,1.435e-06,9.931e-01,6.011e-03,1.445e-06,1.000e+00,6.053e-03,1.177e-04
4.027e+07,1.667e-06,9.873e-01,6.981e-03,1.688e-06,1.000e+00,7.071e-03,1.375e-04
4.467e+07,1.930e-06,9.781e-01,8.080e-03,1.972e-06,1.000e+00,8.260e-03,1.606e-04
4.955e+07,2.224e-06,9.647e-01,9.309e-03,2.303e-06,1.000e+00,9.649e-03,1.877e-04
5.495e+07,2.549e-06,9.462e-01,1.066e-02,2.691e-06,1.000e+00,1.127e-02,2.192e-04
6.095e+07,2.902e-06,9.218e-01,1.214e-02,2.910e-06,9.243e-01,1.217e-02,2.561e-04
6.761e+07,3.280e-06,8.913e-01,1.371e-02,3.192e-06,8.668e-01,1.333e-02,2.991e-04
7.499e+07,3.678e-06,8.548e-01,1.536e-02,3.502e-06,8.128e-01,1.460e-02,3.494e-04
8.318e+07,4.090e-06,8.127e-01,1.706e-02,3.842e-06,7.623e-01,1.600e-02,4.082e-04
9.226e+07,4.509e-06,7.660e-01,1.878e-02,4.216e-06,7.148e-01,1.753e-02,4.768e-04
1.023e+08,4.929e-06,7.155e-01,2.049e-02,4.626e-06,6.704e-01,1.920e-02,5.570e-04
1.135e+08,5.344e-06,6.626e-01,2.217e-02,5.077e-06,6.287e-01,2.103e-02,6.506e-04
1.259e+08,5.747e-06,6.086e-01,2.378e-02,5.573e-06,5.895e-01,2.304e-02,7.600e-04
1.396e+08,6.136e-06,5.545e-01,2.532e-02,6.118e-06,5.529e-01,2.524e-02,8.878e-04
1.549e+08,6.506e-06,5.015e-01,2.675e-02,6.717e-06,5.185e-01,2.765e-02,1.037e-03
1.718e+08,6.855e-06,4.505e-01,2.806e-02,7.376e-06,4.862e-01,3.029e-02,1.211e-03
1.905e+08,7.183e-06,4.021e-01,2.926e-02,7.957e-06,4.475e-01,3.257e-02,1.413e-03
2.113e+08,7.490e-06,3.568e-01,3.034e-02,8.012e-06,3.831e-01,3.257e-02,1.648e-03
2.344e+08,7.776e-06,3.151e-01,3.129e-02,8.076e-06,3.280e-01,3.257e-02,1.920e-03
2.600e+08,8.045e-06,2.769e-01,3.212e-02,8.149e-06,2.808e-01,3.257e-02,2.232e-03
2.884e+08,8.298e-06,2.424e-01,3.285e-02,8.233e-06,2.403e-01,3.257e-02,2.589e-03
3.199e+08,8.537e-06,2.114e-01,3.346e-02,8.328e-06,2.057e-01,3.257e-02,2.994e-03
3.548e+08,8.766e-06,1.838e-01,3.399e-02,8.434e-06,1.761e-01,3.257e-02,3.449e-03
3.936e+08,8.987e-06,1.594e-01,3.443e-02,8.552e-06,1.508e-01,3.257e-02,3.955e-03
4.365e+08,9.202e-06,1.379e-01,3.479e-02,8.683e-06,1.291e-01,3.257e-02,4.511e-03
4.842e+08,9.413e-06,1.190e-01,3.508e-02,8.825e-06,1.105e-01,3.257e-02,5.119e-03
5.370e+08,9.622e-06,1.026e-01,3.532e-02,8.979e-06,9.458e-02,3.257e-02,5.775e-03
5.957e+08,9.830e-06,8.826e-02,3.550e-02,9.143e-06,8.097e-02,3.257e-02,6.477e-03
6.607e+08,1.004e-05,7.586e-02,3.564e-02,9.318e-06,6.931e-02,3.257e-02,7.222e-03
7.328e+08,1.025e-05,6.513e-02,3.575e-02,9.501e-06,5.934e-02,3.257e-02,8.007e-03
8.128e+08,1.046e-05,5.587e-02,3.582e-02,9.694e-06,5.079e-02,3.257e-02,8.829e-03
9.016e+08,1.067e-05,4.790e-02,3.588e-02,9.894e-06,4.348e-02,3.257e-02,9.685e-03
1.000e+09,1.088e-05,4.104e-02,3.590e-02,1.010e-05,3.722e-02,3.257e-02,1.057e-02
