# Cooling curves for integrated and approximate forms of dust cooling, grain size, a = 1.000e-02
T,Lambda_int,h_e_int,H_el_int,Lambda_approx,h_e_approx,H_el_approx,Hcoll
1.000e+00,6.605e-22,1.000e+00,2.767e-18,6.605e-22,1.000e+00,2.767e-18,5.381e-20
1.109e+00,7.716e-22,1.000e+00,3.232e-18,7.716e-22,1.000e+00,3.232e-18,6.286e-20
1.230e+00,9.013e-22,1.000e+00,3.776e-18,9.013e-22,1.000e+00,3.776e-18,7.343e-20
1.365e+00,1.053e-21,1.000e+00,4.410e-18,1.053e-21,1.000e+00,4.410e-18,8.577e-20
1.514e+00,1.230e-21,1.000e+00,5.152e-18,1.230e-21,1.000e+00,5.152e-18,1.002e-19
1.679e+00,1.437e-21,1.000e+00,6.018e-18,1.437e-21,1.000e+00,6.018e-18,1.170e-19
1.862e+00,1.678e-21,1.000e+00,7.030e-18,1.678e-21,1.000e+00,7.030e-18,1.367e-19
2.065e+00,1.961e-21,1.000e+00,8.213e-18,1.961e-21,1.000e+00,8.213e-18,1.597e-19
2.291e+00,2.290e-21,1.000e+00,9.594e-18,2.290e-21,1.000e+00,9.594e-18,1.866e-19
2.541e+00,2.675e-21,1.000e+00,1.121e-17,2.675e-21,1.000e+00,1.121e-17,2.179e-19
2.818e+00,3.125e-21,1.000e+00,1.309e-17,3.125e-21,1.000e+00,1.309e-17,2.546e-19
3.126e+00,3.651e-21,1.000e+00,1.529e-17,3.651e-21,1.000e+00,1.529e-17,2.974e-19
3.467e+00,4.265e-21,1.000e+00,1.786e-17,4.265e-21,1.000e+00,1.786e-17,3.474e-19
3.846e+00,4.982e-21,1.000e+00,2.087e-17,4.982e-21,1.000e+00,2.087e-17,4.058e-19
4.266e+00,5.819e-21,1.000e+00,2.438e-17,5.819e-21,1.000e+00,2.438e-17,4.741e-19
4.732e+00,6.798e-21,1.000e+00,2.848e-17,6.798e-21,1.000e+00,2.848e-17,5.538e-19
5.248e+00,7.941e-21,1.000e+00,3.326e-17,7.941e-21,1.000e+00,3.326e-17,6.469e-19
5.821e+00,9.276e-21,1.000e+00,3.886e-17,9.276e-21,1.000e+00,3.886e-17,7.557e-19
6.457e+00,1.084e-20,1.000e+00,4.539e-17,1.084e-20,1.000e+00,4.539e-17,8.828e-19
7.161e+00,1.266e-20,1.000e+00,5.303e-17,1.266e-20,1.000e+00,5.303e-17,1.031e-18
7.943e+00,1.479e-20,1.000e+00,6.194e-17,1.479e-20,1.000e+00,6.194e-17,1.205e-18
8.810e+00,1.727e-20,1.000e+00,7.236e-17,1.727e-20,1.000e+00,7.236e-17,1.407e-18
9.772e+00,2.018e-20,1.000e+00,8.452e-17,2.018e-20,1.000e+00,8.452e-17,1.644e-18
1.084e+01,2.357e-20,1.000e+00,9.874e-17,2.357e-20,1.000e+00,9.874e-17,1.920e-18
1.202e+01,2.753e-20,1.000e+00,1.153e-16,2.753e-20,1.000e+00,1.153e-16,2.243e-18
1.334e+01,3.216e-20,1.000e+00,1.347e-16,3.216e-20,1.000e+00,1.347e-16,2.620e-18
1.479e+01,3.757e-20,1.000e+00,1.574e-16,3.757e-20,1.000e+00,1.574e-16,3.061e-18
1.641e+01,4.389e-20,1.000e+00,1.839e-16,4.389e-20,1.000e+00,1.839e-16,3.576e-18
1.820e+01,5.127e-20,1.000e+00,2.148e-16,5.127e-20,1.000e+00,2.148e-16,4.177e-18
2.018e+01,5.989e-20,1.000e+00,2.509e-16,5.989e-20,1.000e+00,2.509e-16,4.879e-18
2.239e+01,6.996e-20,1.000e+00,2.931e-16,6.996e-20,1.000e+00,2.931e-16,5.700e-18
2.483e+01,8.173e-20,1.000e+00,3.424e-16,8.173e-20,1.000e+00,3.424e-16,6.658e-18
2.754e+01,9.547e-20,1.000e+00,3.999e-16,9.547e-20,1.000e+00,3.999e-16,7.778e-18
3.055e+01,1.115e-19,1.000e+00,4.672e-16,1.115e-19,1.000e+00,4.672e-16,9.086e-18
3.388e+01,1.303e-19,1.000e+00,5.457e-16,1.303e-19,1.000e+00,5.457e-16,1.061e-17
3.758e+01,1.522e-19,1.000e+00,6.375e-16,1.522e-19,1.000e+00,6.375e-16,1.240e-17
4.169e+01,1.778e-19,1.000e+00,7.447e-16,1.778e-19,1.000e+00,7.447e-16,1.448e-17
4.624e+01,2.077e-19,1.000e+00,8.699e-16,2.077e-19,1.000e+00,8.699e-16,1.692e-17
5.129e+01,2.426e-19,1.000e+00,1.016e-15,2.426e-19,1.000e+00,1.016e-15,1.976e-17
5.689e+01,2.834e-19,1.000e+00,1.187e-15,2.834e-19,1.000e+00,1.187e-15,2.309e-17
6.310e+01,3.310e-19,1.000e+00,1.387e-15,3.310e-19,1.000e+00,1.387e-15,2.697e-17
6.998e+01,3.867e-19,1.000e+00,1.620e-15,3.867e-19,1.000e+00,1.620e-15,3.150e-17
7.762e+01,4.517e-19,1.000e+00,1.892e-15,4.517e-19,1.000e+00,1.892e-15,3.680e-17
8.610e+01,5.277e-19,1.000e+00,2.210e-15,5.277e-19,1.000e+00,2.210e-15,4.299e-17
9.550e+01,6.164e-19,1.000e+00,2.582e-15,6.164e-19,1.000e+00,2.582e-15,5.022e-17
1.059e+02,7.201e-19,1.000e+00,3.016e-15,7.201e-19,1.000e+00,3.016e-15,5.866e-17
1.175e+02,8.411e-19,1.000e+00,3.524e-15,8.411e-19,1.000e+00,3.524e-15,6.853e-17
1.303e+02,9.826e-19,1.000e+00,4.116e-15,9.826e-19,1.000e+00,4.116e-15,8.005e-17
1.445e+02,1.148e-18,1.000e+00,4.808e-15,1.148e-18,1.000e+00,4.808e-15,9.351e-17
1.603e+02,1.341e-18,1.000e+00,5.617e-15,1.341e-18,1.000e+00,5.617e-15,1.092e-16
1.778e+02,1.566e-18,1.000e+00,6.561e-15,1.566e-18,1.000e+00,6.561e-15,1.276e-16
1.972e+02,1.830e-18,1.000e+00,7.664e-15,1.830e-18,1.000e+00,7.664e-15,1.491e-16
2.188e+02,2.137e-18,1.000e+00,8.953e-15,2.137e-18,1.000e+00,8.953e-15,1.741e-16
2.427e+02,2.497e-18,1.000e+00,1.046e-14,2.497e-18,1.000e+00,1.046e-14,2.034e-16
2.692e+02,2.917e-18,1.000e+00,1.222e-14,2.917e-18,1.000e+00,1.222e-14,2.376e-16
2.985e+02,3.407e-18,1.000e+00,1.427e-14,3.407e-18,1.000e+00,1.427e-14,2.776e-16
3.311e+02,3.980e-18,1.000e+00,1.667e-14,3.980e-18,1.000e+00,1.667e-14,3.242e-16
3.673e+02,4.649e-18,1.000e+00,1.948e-14,4.649e-18,1.000e+00,1.948e-14,3.787e-16
4.074e+02,5.431e-18,1.000e+00,2.275e-14,5.431e-18,1.000e+00,2.275e-14,4.424e-16
4.519e+02,6.344e-18,1.000e+00,2.658e-14,6.344e-18,1.000e+00,2.658e-14,5.168e-16
5.012e+02,7.411e-18,1.000e+00,3.104e-14,7.411e-18,1.000e+00,3.104e-14,6.037e-16
5.559e+02,8.657e-18,1.000e+00,3.626e-14,8.657e-18,1.000e+00,3.626e-14,7.053e-16
6.166e+02,1.011e-17,1.000e+00,4.236e-14,1.011e-17,1.000e+00,4.236e-14,8.239e-16
6.839e+02,1.181e-17,1.000e+00,4.949e-14,1.181e-17,1.000e+00,4.949e-14,9.624e-16
7.586e+02,1.380e-17,1.000e+00,5.781e-14,1.380e-17,1.000e+00,5.781e-14,1.124e-15
8.414e+02,1.612e-17,1.000e+00,6.753e-14,1.612e-17,1.000e+00,6.753e-14,1.313e-15
9.333e+02,1.883e-17,1.000e+00,7.888e-14,1.883e-17,1.000e+00,7.888e-14,1.534e-15
1.035e+03,2.200e-17,1.000e+00,9.215e-14,2.200e-17,1.000e+00,9.215e-14,1.792e-15
1.148e+03,2.570e-17,1.000e+00,1.076e-13,2.570e-17,1.000e+00,1.076e-13,2.093e-15
1.274e+03,3.002e-17,1.000e+00,1.257e-13,3.002e-17,1.000e+00,1.257e-13,2.445e-15
1.413e+03,3.506e-17,1.000e+00,1.469e-13,3.506e-17,1.000e+00,1.469e-13,2.857e-15
1.567e+03,4.096e-17,1.000e+00,1.716e-13,4.096e-17,1.000e+00,1.716e-13,3.337e-15
1.738e+03,4.785e-17,1.000e+00,2.004e-13,4.785e-17,1.000e+00,2.004e-13,3.898e-15
1.928e+03,5.589e-17,1.000e+00,2.341e-13,5.589e-17,1.000e+00,2.341e-13,4.554e-15
2.138e+03,6.529e-17,1.000e+00,2.735e-13,6.529e-17,1.000e+00,2.735e-13,5.319e-15
2.371e+03,7.627e-17,1.000e+00,3.195e-13,7.627e-17,1.000e+00,3.195e-13,6.214e-15
2.630e+03,8.910e-17,1.000e+00,3.732e-13,8.910e-17,1.000e+00,3.732e-13,7.259e-15
2.917e+03,1.041e-16,1.000e+00,4.360e-13,1.041e-16,1.000e+00,4.360e-13,8.479e-15
3.236e+03,1.216e-16,1.000e+00,5.093e-13,1.216e-16,1.000e+00,5.093e-13,9.905e-15
3.589e+03,1.420e-16,1.000e+00,5.950e-13,1.420e-16,1.000e+00,5.950e-13,1.157e-14
3.981e+03,1.659e-16,1.000e+00,6.950e-13,1.659e-16,1.000e+00,6.950e-13,1.352e-14
4.416e+03,1.938e-16,1.000e+00,8.119e-13,1.938e-16,1.000e+00,8.119e-13,1.579e-14
4.898e+03,2.264e-16,1.000e+00,9.484e-13,2.264e-16,1.000e+00,9.484e-13,1.844e-14
5.433e+03,2.645e-16,1.000e+00,1.108e-12,2.645e-16,1.000e+00,1.108e-12,2.155e-14
6.026e+03,3.089e-16,1.000e+00,1.294e-12,3.089e-16,1.000e+00,1.294e-12,2.517e-14
6.683e+03,3.609e-16,1.000e+00,1.512e-12,3.609e-16,1.000e+00,1.512e-12,2.940e-14
7.413e+03,4.216e-16,1.000e+00,1.766e-12,4.216e-16,1.000e+00,1.766e-12,3.434e-14
8.222e+03,4.925e-16,1.000e+00,2.063e-12,4.925e-16,1.000e+00,2.063e-12,4.012e-14
9.120e+03,5.753e-16,1.000e+00,2.410e-12,5.753e-16,1.000e+00,2.410e-12,4.687e-14
1.012e+04,6.720e-16,1.000e+00,2.815e-12,6.720e-16,1.000e+00,2.815e-12,5.475e-14
1.122e+04,7.850e-16,1.000e+00,3.288e-12,7.850e-16,1.000e+00,3.288e-12,6.395e-14
1.245e+04,9.170e-16,1.000e+00,3.841e-12,9.170e-16,1.000e+00,3.841e-12,7.471e-14
1.380e+04,1.071e-15,1.000e+00,4.487e-12,1.071e-15,1.000e+00,4.487e-12,8.727e-14
1.531e+04,1.251e-15,1.000e+00,5.242e-12,1.251e-15,1.000e+00,5.242e-12,1.019e-13
1.698e+04,1.462e-15,1.000e+00,6.123e-12,1.462e-15,1.000e+00,6.123e-12,1.191e-13
1.884e+04,1.708e-15,1.000e+00,7.153e-12,1.708e-15,1.000e+00,7.153e-12,1.391e-13
2.089e+04,1.995e-15,1.000e+00,8.356e-12,1.995e-15,1.000e+00,8.356e-12,1.625e-13
2.317e+04,2.330e-15,1.000e+00,9.761e-12,2.330e-15,1.000e+00,9.761e-12,1.898e-13
2.570e+04,2.722e-15,1.000e+00,1.140e-11,2.722e-15,1.000e+00,1.140e-11,2.217e-13
2.851e+04,3.180e-15,1.000e+00,1.332e-11,3.180e-15,1.000e+00,1.332e-11,2.590e-13
3.162e+04,3.714e-15,1.000e+00,1.556e-11,3.714e-15,1.000e+00,1.556e-11,3.026e-13
3.508e+04,4.339e-15,1.000e+00,1.818e-11,4.339e-15,1.000e+00,1.818e-11,3.535e-13
3.890e+04,5.068e-15,1.000e+00,2.123e-11,5.068e-15,1.000e+00,2.123e-11,4.129e-13
4.315e+04,5.921e-15,1.000e+00,2.480e-11,5.921e-15,1.000e+00,2.480e-11,4.823e-13
4.786e+04,6.916e-15,1.000e+00,2.897e-11,6.916e-15,1.000e+00,2.897e-11,5.634e-13
5.309e+04,8.079e-15,1.000e+00,3.384e-11,8.079e-15,1.000e+00,3.384e-11,6.582e-13
5.888e+04,9.438e-15,1.000e+00,3.954e-11,9.438e-15,1.000e+00,3.954e-11,7.689e-13
6.531e+04,1.102e-14,1.000e+00,4.618e-11,1.102e-14,1.000e+00,4.618e-11,8.982e-13
7.244e+04,1.288e-14,1.000e+00,5.395e-11,1.288e-14,1.000e+00,5.395e-11,1.049e-12
8.035e+04,1.504e-14,1.000e+00,6.302e-11,1.504e-14,1.000e+00,6.302e-11,1.226e-12
8.913e+04,1.757e-14,1.000e+00,7.362e-11,1.757e-14,1.000e+00,7.362e-11,1.432e-12
9.886e+04,2.053e-14,1.000e+00,8.600e-11,2.053e-14,1.000e+00,8.600e-11,1.672e-12
1.096e+05,2.398e-14,1.000e+00,1.005e-10,2.398e-14,1.000e+00,1.005e-10,1.954e-12
1.216e+05,2.801e-14,1.000e+00,1.173e-10,2.801e-14,1.000e+00,1.173e-10,2.282e-12
1.349e+05,3.272e-14,1.000e+00,1.371e-10,3.272e-14,1.000e+00,1.371e-10,2.666e-12
1.496e+05,3.823e-14,1.000e+00,1.601e-10,3.823e-14,1.000e+00,1.601e-10,3.114e-12
1.660e+05,4.465e-14,1.000e+00,1.871e-10,4.465e-14,1.000e+00,1.871e-10,3.638e-12
1.841e+05,5.216e-14,1.000e+00,2.185e-10,5.216e-14,1.000e+00,2.185e-10,4.250e-12
2.042e+05,6.094e-14,1.000e+00,2.553e-10,6.094e-14,1.000e+00,2.553e-10,4.964e-12
2.265e+05,7.118e-14,1.000e+00,2.982e-10,7.118e-14,1.000e+00,2.982e-10,5.799e-12
2.512e+05,8.315e-14,1.000e+00,3.483e-10,8.315e-14,1.000e+00,3.483e-10,6.774e-12
2.786e+05,9.713e-14,1.000e+00,4.069e-10,9.713e-14,1.000e+00,4.069e-10,7.913e-12
3.090e+05,1.135e-13,1.000e+00,4.753e-10,1.135e-13,1.000e+00,4.753e-10,9.244e-12
3.428e+05,1.325e-13,1.000e+00,5.552e-10,1.325e-13,1.000e+00,5.552e-10,1.080e-11
3.802e+05,1.548e-13,1.000e+00,6.486e-10,1.548e-13,1.000e+00,6.486e-10,1.261e-11
4.217e+05,1.809e-13,1.000e+00,7.577e-10,1.809e-13,1.000e+00,7.577e-10,1.474e-11
4.677e+05,2.113e-13,1.000e+00,8.851e-10,2.113e-13,1.000e+00,8.851e-10,1.721e-11
5.188e+05,2.468e-13,1.000e+00,1.034e-09,2.468e-13,1.000e+00,1.034e-09,2.011e-11
5.754e+05,2.883e-13,1.000e+00,1.208e-09,2.883e-13,1.000e+00,1.208e-09,2.349e-11
6.383e+05,3.368e-13,1.000e+00,1.411e-09,3.368e-13,1.000e+00,1.411e-09,2.744e-11
7.079e+05,3.934e-13,1.000e+00,1.648e-09,3.934e-13,1.000e+00,1.648e-09,3.205e-11
7.852e+05,4.596e-13,1.000e+00,1.925e-09,4.596e-13,1.000e+00,1.925e-09,3.744e-11
8.710e+05,5.369e-13,1.000e+00,2.249e-09,5.369e-13,1.000e+00,2.249e-09,4.374e-11
9.661e+05,6.271e-13,9.999e-01,2.627e-09,6.271e-13,1.000e+00,2.627e-09,5.109e-11
1.072e+06,7.325e-13,9.998e-01,3.068e-09,7.326e-13,1.000e+00,3.069e-09,5.968e-11
1.189e+06,8.554e-13,9.995e-01,3.583e-09,8.558e-13,1.000e+00,3.585e-09,6.972e-11
1.318e+06,9.985e-13,9.988e-01,4.183e-09,9.997e-13,1.000e+00,4.188e-09,8.144e-11
1.462e+06,1.165e-12,9.974e-01,4.879e-09,1.168e-12,1.000e+00,4.892e-09,9.512e-11
1.622e+06,1.357e-12,9.946e-01,5.684e-09,1.364e-12,1.000e+00,5.715e-09,1.111e-10
1.799e+06,1.578e-12,9.898e-01,6.607e-09,1.594e-12,1.000e+00,6.675e-09,1.297e-10
1.995e+06,1.829e-12,9.820e-01,7.657e-09,1.861e-12,1.000e+00,7.798e-09,1.513e-10
2.213e+06,2.111e-12,9.703e-01,8.838e-09,2.174e-12,1.000e+00,9.109e-09,1.764e-10
2.455e+06,2.424e-12,9.537e-01,1.015e-08,2.540e-12,1.000e+00,1.064e-08,2.053e-10
2.723e+06,2.767e-12,9.315e-01,1.158e-08,2.967e-12,1.000e+00,1.243e-08,2.385e-10
3.020e+06,3.136e-12,9.033e-01,1.312e-08,3.083e-12,8.877e-01,1.289e-08,2.763e-10
3.350e+06,3.526e-12,8.690e-01,1.474e-08,3.381e-12,8.324e-01,1.412e-08,3.190e-10
3.715e+06,3.932e-12,8.289e-01,1.642e-08,3.708e-12,7.806e-01,1.547e-08,3.667e-10
4.121e+06,4.346e-12,7.838e-01,1.814e-08,4.066e-12,7.321e-01,1.694e-08,4.196e-10
4.571e+06,4.763e-12,7.346e-01,1.986e-08,4.458e-12,6.865e-01,1.856e-08,4.775e-10
5.070e+06,5.174e-12,6.824e-01,2.155e-08,4.888e-12,6.438e-01,2.033e-08,5.404e-10
5.623e+06,5.574e-12,6.286e-01,2.319e-08,5.359e-12,6.037e-01,2.228e-08,6.081e-10
6.237e+06,5.957e-12,5.744e-01,2.476e-08,5.873e-12,5.662e-01,2.440e-08,6.803e-10
6.918e+06,6.319e-12,5.209e-01,2.623e-08,6.437e-12,5.309e-01,2.673e-08,7.566e-10
7.674e+06,6.656e-12,4.691e-01,2.759e-08,7.053e-12,4.979e-01,2.928e-08,8.368e-10
8.511e+06,6.967e-12,4.196e-01,2.883e-08,7.842e-12,4.740e-01,3.257e-08,9.205e-10
9.441e+06,7.250e-12,3.732e-01,2.995e-08,7.862e-12,4.058e-01,3.257e-08,1.008e-09
1.047e+07,7.504e-12,3.301e-01,3.095e-08,7.884e-12,3.474e-01,3.257e-08,1.098e-09
1.161e+07,7.732e-12,2.906e-01,3.183e-08,7.905e-12,2.974e-01,3.257e-08,1.191e-09
1.288e+07,7.933e-12,2.548e-01,3.259e-08,7.928e-12,2.546e-01,3.257e-08,1.287e-09
1.429e+07,8.110e-12,2.225e-01,3.325e-08,7.951e-12,2.179e-01,3.257e-08,1.386e-09
1.585e+07,8.264e-12,1.936e-01,3.380e-08,7.975e-12,1.866e-01,3.257e-08,1.489e-09
1.758e+07,8.399e-12,1.681e-01,3.427e-08,8.000e-12,1.597e-01,3.257e-08,1.594e-09
1.950e+07,8.515e-12,1.455e-01,3.466e-08,8.025e-12,1.367e-01,3.257e-08,1.702e-09
2.163e+07,8.616e-12,1.257e-01,3.498e-08,8.051e-12,1.170e-01,3.257e-08,1.815e-09
2.399e+07,8.703e-12,1.084e-01,3.523e-08,8.079e-12,1.002e-01,3.257e-08,1.931e-09
2.661e+07,8.778e-12,9.332e-02,3.544e-08,8.107e-12,8.577e-02,3.257e-08,2.051e-09
2.951e+07,8.844e-12,8.024e-02,3.559e-08,8.136e-12,7.342e-02,3.257e-08,2.176e-09
3.273e+07,8.903e-12,6.892e-02,3.571e-08,8.166e-12,6.285e-02,3.257e-08,2.306e-09
3.631e+07,8.955e-12,5.914e-02,3.580e-08,8.198e-12,5.380e-02,3.257e-08,2.441e-09
4.027e+07,9.001e-12,5.071e-02,3.586e-08,8.231e-12,4.606e-02,3.257e-08,2.581e-09
4.467e+07,9.044e-12,4.346e-02,3.590e-08,8.265e-12,3.943e-02,3.257e-08,2.728e-09
4.955e+07,9.085e-12,3.722e-02,3.591e-08,8.301e-12,3.375e-02,3.257e-08,2.882e-09
5.495e+07,9.123e-12,3.186e-02,3.592e-08,8.339e-12,2.889e-02,3.257e-08,3.043e-09
6.095e+07,9.160e-12,2.727e-02,3.591e-08,8.378e-12,2.474e-02,3.257e-08,3.211e-09
6.761e+07,9.196e-12,2.333e-02,3.588e-08,8.420e-12,2.117e-02,3.257e-08,3.387e-09
7.499e+07,9.232e-12,1.995e-02,3.585e-08,8.463e-12,1.813e-02,3.257e-08,3.572e-09
8.318e+07,9.268e-12,1.706e-02,3.581e-08,8.509e-12,1.552e-02,3.257e-08,3.767e-09
9.226e+07,9.305e-12,1.459e-02,3.577e-08,8.556e-12,1.328e-02,3.257e-08,3.971e-09
1.023e+08,9.343e-12,1.247e-02,3.571e-08,8.606e-12,1.137e-02,3.257e-08,4.185e-09
1.135e+08,9.381e-12,1.066e-02,3.565e-08,8.659e-12,9.735e-03,3.257e-08,4.411e-09
1.259e+08,9.421e-12,9.105e-03,3.558e-08,8.715e-12,8.333e-03,3.257e-08,4.648e-09
1.396e+08,9.461e-12,7.777e-03,3.551e-08,8.773e-12,7.134e-03,3.257e-08,4.897e-09
1.549e+08,9.502e-12,6.642e-03,3.542e-08,8.835e-12,6.107e-03,3.257e-08,5.159e-09
1.718e+08,9.544e-12,5.670e-03,3.532e-08,8.899e-12,5.228e-03,3.257e-08,5.435e-09
1.905e+08,9.587e-12,4.839e-03,3.521e-08,8.967e-12,4.475e-03,3.257e-08,5.725e-09
2.113e+08,9.629e-12,4.128e-03,3.509e-08,9.039e-12,3.831e-03,3.257e-08,6.031e-09
2.344e+08,9.672e-12,3.519e-03,3.495e-08,9.114e-12,3.280e-03,3.257e-08,6.353e-09
2.600e+08,9.713e-12,2.999e-03,3.479e-08,9.193e-12,2.808e-03,3.257e-08,6.691e-09
2.884e+08,9.753e-12,2.554e-03,3.460e-08,9.277e-12,2.403e-03,3.257e-08,7.048e-09
3.199e+08,9.792e-12,2.173e-03,3.439e-08,9.365e-12,2.057e-03,3.257e-08,7.423e-09
3.548e+08,9.827e-12,1.847e-03,3.415e-08,9.457e-12,1.761e-03,3.257e-08,7.818e-09
3.936e+08,9.858e-12,1.568e-03,3.386e-08,9.555e-12,1.508e-03,3.257e-08,8.235e-09
4.365e+08,9.884e-12,1.329e-03,3.354e-08,9.657e-12,1.291e-03,3.257e-08,8.673e-09
4.842e+08,9.902e-12,1.125e-03,3.315e-08,9.765e-12,1.105e-03,3.257e-08,9.134e-09
5.370e+08,9.912e-12,9.500e-04,3.271e-08,9.879e-12,9.458e-04,3.257e-08,9.620e-09
5.957e+08,9.911e-12,8.004e-04,3.219e-08,9.999e-12,8.097e-04,3.257e-08,1.013e-08
6.607e+08,9.897e-12,6.724e-04,3.159e-08,1.013e-11,6.931e-04,3.257e-08,1.067e-08
7.328e+08,9.866e-12,5.628e-04,3.089e-08,1.026e-11,5.934e-04,3.257e-08,1.124e-08
8.128e+08,9.814e-12,4.691e-04,3.008e-08,1.040e-11,5.079e-04,3.257e-08,1.184e-08
9.016e+08,9.738e-12,3.888e-04,2.912e-08,1.055e-11,4.348e-04,3.257e-08,1.247e-08
1.000e+09,9.633e-12,3.201e-04,2.801e-08,1.070e-11,3.722e-04,3.257e-08,1.313e-08
