# Cooling curves for integrated and approximate forms of dust cooling, grain size, a = 1.000e-01
T,Lambda_int,h_e_int,H_el_int,Lambda_approx,h_e_approx,H_el_approx,Hcoll
1.000e+00,6.605e-20,1.000e+00,2.767e-16,6.605e-20,1.000e+00,2.767e-16,5.381e-18
1.109e+00,7.716e-20,1.000e+00,3.232e-16,7.716e-20,1.000e+00,3.232e-16,6.286e-18
1.230e+00,9.013e-20,1.000e+00,3.776e-16,9.013e-20,1.000e+00,3.776e-16,7.343e-18
1.365e+00,1.053e-19,1.000e+00,4.410e-16,1.053e-19,1.000e+00,4.410e-16,8.577e-18
1.514e+00,1.230e-19,1.000e+00,5.152e-16,1.230e-19,1.000e+00,5.152e-16,1.002e-17
1.679e+00,1.437e-19,1.000e+00,6.018e-16,1.437e-19,1.000e+00,6.018e-16,1.170e-17
1.862e+00,1.678e-19,1.000e+00,7.030e-16,1.678e-19,1.000e+00,7.030e-16,1.367e-17
2.065e+00,1.961e-19,1.000e+00,8.213e-16,1.961e-19,1.000e+00,8.213e-16,1.597e-17
2.291e+00,2.290e-19,1.000e+00,9.594e-16,2.290e-19,1.000e+00,9.594e-16,1.866e-17
2.541e+00,2.675e-19,1.000e+00,1.121e-15,2.675e-19,1.000e+00,1.121e-15,2.179e-17
2.818e+00,3.125e-19,1.000e+00,1.309e-15,3.125e-19,1.000e+00,1.309e-15,2.546e-17
3.126e+00,3.651e-19,1.000e+00,1.529e-15,3.651e-19,1.000e+00,1.529e-15,2.974e-17
3.467e+00,4.265e-19,1.000e+00,1.786e-15,4.264e-19,1.000e+00,1.786e-15,3.474e-17
3.846e+00,4.982e-19,1.000e+00,2.087e-15,4.982e-19,1.000e+00,2.087e-15,4.058e-17
4.266e+00,5.819e-19,1.000e+00,2.438e-15,5.819e-19,1.000e+00,2.438e-15,4.741e-17
4.732e+00,6.798e-19,1.000e+00,2.848e-15,6.798e-19,1.000e+00,2.848e-15,5.538e-17
5.248e+00,7.941e-19,1.000e+00,3.326e-15,7.941e-19,1.000e+00,3.326e-15,6.469e-17
5.821e+00,9.276e-19,1.000e+00,3.886e-15,9.276e-19,1.000e+00,3.886e-15,7.557e-17
6.457e+00,1.084e-18,1.000e+00,4.539e-15,1.084e-18,1.000e+00,4.539e-15,8.828e-17
7.161e+00,1.266e-18,1.000e+00,5.303e-15,1.266e-18,1.000e+00,5.303e-15,1.031e-16
7.943e+00,1.479e-18,1.000e+00,6.194e-15,1.479e-18,1.000e+00,6.194e-15,1.205e-16
8.810e+00,1.727e-18,1.000e+00,7.236e-15,1.727e-18,1.000e+00,7.236e-15,1.407e-16
9.772e+00,2.018e-18,1.000e+00,8.452e-15,2.018e-18,1.000e+00,8.452e-15,1.644e-16
1.084e+01,2.357e-18,1.000e+00,9.874e-15,2.357e-18,1.000e+00,9.874e-15,1.920e-16
1.202e+01,2.753e-18,1.000e+00,1.153e-14,2.753e-18,1.000e+00,1.153e-14,2.243e-16
1.334e+01,3.216e-18,1.000e+00,1.347e-14,3.216e-18,1.000e+00,1.347e-14,2.620e-16
1.479e+01,3.757e-18,1.000e+00,1.574e-14,3.757e-18,1.000e+00,1.574e-14,3.061e-16
1.641e+01,4.389e-18,1.000e+00,1.839e-14,4.389e-18,1.000e+00,1.839e-14,3.576e-16
1.820e+01,5.127e-18,1.000e+00,2.148e-14,5.127e-18,1.000e+00,2.148e-14,4.177e-16
2.018e+01,5.989e-18,1.000e+00,2.509e-14,5.989e-18,1.000e+00,2.509e-14,4.879e-16
2.239e+01,6.996e-18,1.000e+00,2.931e-14,6.996e-18,1.000e+00,2.931e-14,5.700e-16
2.483e+01,8.173e-18,1.000e+00,3.424e-14,8.173e-18,1.000e+00,3.424e-14,6.658e-16
2.754e+01,9.547e-18,1.000e+00,3.999e-14,9.547e-18,1.000e+00,3.999e-14,7.778e-16
3.055e+01,1.115e-17,1.000e+00,4.672e-14,1.115e-17,1.000e+00,4.672e-14,9.086e-16
3.388e+01,1.303e-17,1.000e+00,5.457e-14,1.303e-17,1.000e+00,5.457e-14,1.061e-15
3.758e+01,1.522e-17,1.000e+00,6.375e-14,1.522e-17,1.000e+00,6.375e-14,1.240e-15
4.169e+01,1.778e-17,1.000e+00,7.447e-14,1.778e-17,1.000e+00,7.447e-14,1.448e-15
4.624e+01,2.077e-17,1.000e+00,8.699e-14,2.077e-17,1.000e+00,8.699e-14,1.692e-15
5.129e+01,2.426e-17,1.000e+00,1.016e-13,2.426e-17,1.000e+00,1.016e-13,1.976e-15
5.689e+01,2.834e-17,1.000e+00,1.187e-13,2.834e-17,1.000e+00,1.187e-13,2.309e-15
6.310e+01,3.310e-17,1.000e+00,1.387e-13,3.310e-17,1.000e+00,1.387e-13,2.697e-15
6.998e+01,3.867e-17,1.000e+00,1.620e-13,3.867e-17,1.000e+00,1.620e-13,3.150e-15
7.762e+01,4.517e-17,1.000e+00,1.892e-13,4.517e-17,1.000e+00,1.892e-13,3.680e-15
8.610e+01,5.277e-17,1.000e+00,2.210e-13,5.277e-17,1.000e+00,2.210e-13,4.299e-15
9.550e+01,6.164e-17,1.000e+00,2.582e-13,6.164e-17,1.000e+00,2.582e-13,5.022e-15
1.059e+02,7.201e-17,1.000e+00,3.016e-13,7.201e-17,1.000e+00,3.016e-13,5.866e-15
1.175e+02,8.411e-17,1.000e+00,3.524e-13,8.411e-17,1.000e+00,3.524e-13,6.853e-15
1.303e+02,9.826e-17,1.000e+00,4.116e-13,9.826e-17,1.000e+00,4.116e-13,8.005e-15
1.445e+02,1.148e-16,1.000e+00,4.808e-13,1.148e-16,1.000e+00,4.808e-13,9.351e-15
1.603e+02,1.341e-16,1.000e+00,5.617e-13,1.341e-16,1.000e+00,5.617e-13,1.092e-14
1.778e+02,1.566e-16,1.000e+00,6.561e-13,1.566e-16,1.000e+00,6.561e-13,1.276e-14
1.972e+02,1.830e-16,1.000e+00,7.664e-13,1.830e-16,1.000e+00,7.664e-13,1.491e-14
2.188e+02,2.137e-16,1.000e+00,8.953e-13,2.137e-16,1.000e+00,8.953e-13,1.741e-14
2.427e+02,2.497e-16,1.000e+00,1.046e-12,2.497e-16,1.000e+00,1.046e-12,2.034e-14
2.692e+02,2.917e-16,1.000e+00,1.222e-12,2.917e-16,1.000e+00,1.222e-12,2.376e-14
2.985e+02,3.407e-16,1.000e+00,1.427e-12,3.407e-16,1.000e+00,1.427e-12,2.776e-14
3.311e+02,3.980e-16,1.000e+00,1.667e-12,3.980e-16,1.000e+00,1.667e-12,3.242e-14
3.673e+02,4.649e-16,1.000e+00,1.948e-12,4.649e-16,1.000e+00,1.948e-12,3.787e-14
4.074e+02,5.431e-16,1.000e+00,2.275e-12,5.431e-16,1.000e+00,2.275e-12,4.424e-14
4.519e+02,6.344e-16,1.000e+00,2.658e-12,6.344e-16,1.000e+00,2.658e-12,5.168e-14
5.012e+02,7.411e-16,1.000e+00,3.104e-12,7.411e-16,1.000e+00,3.104e-12,6.037e-14
5.559e+02,8.657e-16,1.000e+00,3.626e-12,8.657e-16,1.000e+00,3.626e-12,7.053e-14
6.166e+02,1.011e-15,1.000e+00,4.236e-12,1.011e-15,1.000e+00,4.236e-12,8.239e-14
6.839e+02,1.181e-15,1.000e+00,4.949e-12,1.181e-15,1.000e+00,4.949e-12,9.624e-14
7.586e+02,1.380e-15,1.000e+00,5.781e-12,1.380e-15,1.000e+00,5.781e-12,1.124e-13
8.414e+02,1.612e-15,1.000e+00,6.753e-12,1.612e-15,1.000e+00,6.753e-12,1.313e-13
9.333e+02,1.883e-15,1.000e+00,7.888e-12,1.883e-15,1.000e+00,7.888e-12,1.534e-13
1.035e+03,2.200e-15,1.000e+00,9.215e-12,2.200e-15,1.000e+00,9.215e-12,1.792e-13
1.148e+03,2.570e-15,1.000e+00,1.076e-11,2.570e-15,1.000e+00,1.076e-11,2.093e-13
1.274e+03,3.002e-15,1.000e+00,1.257e-11,3.002e-15,1.000e+00,1.257e-11,2.445e-13
1.413e+03,3.506e-15,1.000e+00,1.469e-11,3.506e-15,1.000e+00,1.469e-11,2.857e-13
1.567e+03,4.096e-15,1.000e+00,1.716e-11,4.096e-15,1.000e+00,1.716e-11,3.337e-13
1.738e+03,4.785e-15,1.000e+00,2.004e-11,4.785e-15,1.000e+00,2.004e-11,3.898e-13
1.928e+03,5.589e-15,1.000e+00,2.341e-11,5.589e-15,1.000e+00,2.341e-11,4.554e-13
2.138e+03,6.529e-15,1.000e+00,2.735e-11,6.529e-15,1.000e+00,2.735e-11,5.319e-13
2.371e+03,7.627e-15,1.000e+00,3.195e-11,7.627e-15,1.000e+00,3.195e-11,6.214e-13
2.630e+03,8.910e-15,1.000e+00,3.732e-11,8.910e-15,1.000e+00,3.732e-11,7.259e-13
2.917e+03,1.041e-14,1.000e+00,4.360e-11,1.041e-14,1.000e+00,4.360e-11,8.479e-13
3.236e+03,1.216e-14,1.000e+00,5.093e-11,1.216e-14,1.000e+00,5.093e-11,9.905e-13
3.589e+03,1.420e-14,1.000e+00,5.950e-11,1.420e-14,1.000e+00,5.950e-11,1.157e-12
3.981e+03,1.659e-14,1.000e+00,6.950e-11,1.659e-14,1.000e+00,6.950e-11,1.352e-12
4.416e+03,1.938e-14,1.000e+00,8.119e-11,1.938e-14,1.000e+00,8.119e-11,1.579e-12
4.898e+03,2.264e-14,1.000e+00,9.484e-11,2.264e-14,1.000e+00,9.484e-11,1.844e-12
5.433e+03,2.645e-14,1.000e+00,1.108e-10,2.645e-14,1.000e+00,1.108e-10,2.155e-12
6.026e+03,3.089e-14,1.000e+00,1.294e-10,3.089e-14,1.000e+00,1.294e-10,2.517e-12
6.683e+03,3.609e-14,1.000e+00,1.512e-10,3.609e-14,1.000e+00,1.512e-10,2.940e-12
7.413e+03,4.216e-14,1.000e+00,1.766e-10,4.216e-14,1.000e+00,1.766e-10,3.434e-12
8.222e+03,4.925e-14,1.000e+00,2.063e-10,4.925e-14,1.000e+00,2.063e-10,4.012e-12
9.120e+03,5.753e-14,1.000e+00,2.410e-10,5.753e-14,1.000e+00,2.410e-10,4.687e-12
1.012e+04,6.720e-14,1.000e+00,2.815e-10,6.720e-14,1.000e+00,2.815e-10,5.475e-12
1.122e+04,7.850e-14,1.000e+00,3.288e-10,7.850e-14,1.000e+00,3.288e-10,6.395e-12
1.245e+04,9.170e-14,1.000e+00,3.841e-10,9.170e-14,1.000e+00,3.841e-10,7.471e-12
1.380e+04,1.071e-13,1.000e+00,4.487e-10,1.071e-13,1.000e+00,4.487e-10,8.727e-12
1.531e+04,1.251e-13,1.000e+00,5.242e-10,1.251e-13,1.000e+00,5.242e-10,1.019e-11
1.698e+04,1.462e-13,1.000e+00,6.123e-10,1.462e-13,1.000e+00,6.123e-10,1.191e-11
1.884e+04,1.708e-13,1.000e+00,7.153e-10,1.708e-13,1.000e+00,7.153e-10,1.391e-11
2.089e+04,1.995e-13,1.000e+00,8.356e-10,1.995e-13,1.000e+00,8.356e-10,1.625e-11
2.317e+04,2.330e-13,1.000e+00,9.761e-10,2.330e-13,1.000e+00,9.761e-10,1.898e-11
2.570e+04,2.722e-13,1.000e+00,1.140e-09,2.722e-13,1.000e+00,1.140e-09,2.217e-11
2.851e+04,3.180e-13,1.000e+00,1.332e-09,3.180e-13,1.000e+00,1.332e-09,2.590e-11
3.162e+04,3.714e-13,1.000e+00,1.556e-09,3.714e-13,1.000e+00,1.556e-09,3.026e-11
3.508e+04,4.339e-13,1.000e+00,1.818e-09,4.339e-13,1.000e+00,1.818e-09,3.535e-11
3.890e+04,5.068e-13,1.000e+00,2.123e-09,5.068e-13,1.000e+00,2.123e-09,4.129e-11
4.315e+04,5.921e-13,1.000e+00,2.480e-09,5.921e-13,1.000e+00,2.480e-09,4.823e-11
4.786e+04,6.916e-13,1.000e+00,2.897e-09,6.916e-13,1.000e+00,2.897e-09,5.634e-11
5.309e+04,8.079e-13,1.000e+00,3.384e-09,8.079e-13,1.000e+00,3.384e-09,6.582e-11
5.888e+04,9.438e-13,1.000e+00,3.954e-09,9.438e-13,1.000e+00,3.954e-09,7.689e-11
6.531e+04,1.102e-12,1.000e+00,4.618e-09,1.102e-12,1.000e+00,4.618e-09,8.982e-11
7.244e+04,1.288e-12,1.000e+00,5.395e-09,1.288e-12,1.000e+00,5.395e-09,1.049e-10
8.035e+04,1.504e-12,1.000e+00,6.302e-09,1.504e-12,1.000e+00,6.302e-09,1.226e-10
8.913e+04,1.757e-12,1.000e+00,7.362e-09,1.757e-12,1.000e+00,7.362e-09,1.432e-10
9.886e+04,2.053e-12,1.000e+00,8.600e-09,2.053e-12,1.000e+00,8.600e-09,1.672e-10
1.096e+05,2.398e-12,1.000e+00,1.005e-08,2.398e-12,1.000e+00,1.005e-08,1.954e-10
1.216e+05,2.801e-12,1.000e+00,1.173e-08,2.801e-12,1.000e+00,1.173e-08,2.282e-10
1.349e+05,3.272e-12,1.000e+00,1.371e-08,3.272e-12,1.000e+00,1.371e-08,2.666e-10
1.496e+05,3.823e-12,1.000e+00,1.601e-08,3.823e-12,1.000e+00,1.601e-08,3.114e-10
1.660e+05,4.465e-12,1.000e+00,1.871e-08,4.465e-12,1.000e+00,1.871e-08,3.638e-10
1.841e+05,5.216e-12,1.000e+00,2.185e-08,5.216e-12,1.000e+00,2.185e-08,4.250e-10
2.042e+05,6.094e-12,1.000e+00,2.553e-08,6.094e-12,1.000e+00,2.553e-08,4.964e-10
2.265e+05,7.118e-12,1.000e+00,2.982e-08,7.118e-12,1.000e+00,2.982e-08,5.799e-10
2.512e+05,8.315e-12,1.000e+00,3.483e-08,8.315e-12,1.000e+00,3.483e-08,6.774e-10
2.786e+05,9.713e-12,1.000e+00,4.069e-08,9.713e-12,1.000e+00,4.069e-08,7.913e-10
3.090e+05,1.135e-11,1.000e+00,4.753e-08,1.135e-11,1.000e+00,4.753e-08,9.244e-10
3.428e+05,1.325e-11,1.000e+00,5.552e-08,1.325e-11,1.000e+00,5.552e-08,1.080e-09
3.802e+05,1.548e-11,1.000e+00,6.486e-08,1.548e-11,1.000e+00,6.486e-08,1.261e-09
4.217e+05,1.809e-11,1.000e+00,7.577e-08,1.809e-11,1.000e+00,7.577e-08,1.474e-09
4.677e+05,2.113e-11,1.000e+00,8.851e-08,2.113e-11,1.000e+00,8.851e-08,1.721e-09
5.188e+05,2.468e-11,1.000e+00,1.034e-07,2.468e-11,1.000e+00,1.034e-07,2.011e-09
5.754e+05,2.883e-11,1.000e+00,1.208e-07,2.883e-11,1.000e+00,1.208e-07,2.349e-09
6.383e+05,3.368e-11,1.000e+00,1.411e-07,3.368e-11,1.000e+00,1.411e-07,2.744e-09
7.079e+05,3.934e-11,1.000e+00,1.648e-07,3.934e-11,1.000e+00,1.648e-07,3.205e-09
7.852e+05,4.596e-11,1.000e+00,1.925e-07,4.596e-11,1.000e+00,1.925e-07,3.744e-09
8.710e+05,5.369e-11,1.000e+00,2.249e-07,5.369e-11,1.000e+00,2.249e-07,4.374e-09
9.661e+05,6.271e-11,1.000e+00,2.627e-07,6.271e-11,1.000e+00,2.627e-07,5.109e-09
1.072e+06,7.326e-11,1.000e+00,3.069e-07,7.326e-11,1.000e+00,3.069e-07,5.968e-09
1.189e+06,8.558e-11,1.000e+00,3.585e-07,8.558e-11,1.000e+00,3.585e-07,6.972e-09
1.318e+06,9.997e-11,1.000e+00,4.188e-07,9.997e-11,1.000e+00,4.188e-07,8.144e-09
1.462e+06,1.168e-10,1.000e+00,4.892e-07,1.168e-10,1.000e+00,4.892e-07,9.514e-09
1.622e+06,1.364e-10,1.000e+00,5.715e-07,1.364e-10,1.000e+00,5.715e-07,1.111e-08
1.799e+06,1.594e-10,1.000e+00,6.675e-07,1.594e-10,1.000e+00,6.675e-07,1.298e-08
1.995e+06,1.862e-10,1.000e+00,7.798e-07,1.862e-10,1.000e+00,7.798e-07,1.517e-08
2.213e+06,2.175e-10,1.000e+00,9.109e-07,2.175e-10,1.000e+00,9.109e-07,1.772e-08
2.455e+06,2.540e-10,1.000e+00,1.064e-06,2.540e-10,1.000e+00,1.064e-06,2.069e-08
2.723e+06,2.967e-10,1.000e+00,1.243e-06,2.967e-10,1.000e+00,1.243e-06,2.417e-08
3.020e+06,3.466e-10,1.000e+00,1.452e-06,3.466e-10,1.000e+00,1.452e-06,2.824e-08
3.350e+06,4.049e-10,1.000e+00,1.696e-06,4.049e-10,1.000e+00,1.696e-06,3.299e-08
3.715e+06,4.730e-10,1.000e+00,1.981e-06,4.730e-10,1.000e+00,1.981e-06,3.853e-08
4.121e+06,5.525e-10,1.000e+00,2.315e-06,5.525e-10,1.000e+00,2.315e-06,4.501e-08
4.571e+06,6.454e-10,9.999e-01,2.704e-06,6.455e-10,1.000e+00,2.704e-06,5.258e-08
5.070e+06,7.538e-10,9.998e-01,3.158e-06,7.540e-10,1.000e+00,3.159e-06,6.143e-08
5.623e+06,8.803e-10,9.994e-01,3.688e-06,8.808e-10,1.000e+00,3.690e-06,7.175e-08
6.237e+06,1.027e-09,9.986e-01,4.304e-06,1.029e-09,1.000e+00,4.310e-06,8.382e-08
6.918e+06,1.198e-09,9.970e-01,5.020e-06,1.202e-09,1.000e+00,5.035e-06,9.792e-08
7.674e+06,1.396e-09,9.939e-01,5.845e-06,1.404e-09,1.000e+00,5.881e-06,1.144e-07
8.511e+06,1.622e-09,9.886e-01,6.792e-06,1.640e-09,1.000e+00,6.870e-06,1.336e-07
9.441e+06,1.879e-09,9.801e-01,7.866e-06,1.916e-09,1.000e+00,8.026e-06,1.561e-07
1.047e+07,2.167e-09,9.676e-01,9.071e-06,2.238e-09,1.000e+00,9.375e-06,1.823e-07
1.161e+07,2.486e-09,9.500e-01,1.040e-05,2.614e-09,1.000e+00,1.095e-05,2.130e-07
1.288e+07,2.835e-09,9.268e-01,1.186e-05,2.860e-09,9.354e-01,1.197e-05,2.488e-07
1.429e+07,3.209e-09,8.974e-01,1.341e-05,3.138e-09,8.772e-01,1.311e-05,2.906e-07
1.585e+07,3.603e-09,8.620e-01,1.505e-05,3.442e-09,8.226e-01,1.436e-05,3.394e-07
1.758e+07,4.013e-09,8.209e-01,1.674e-05,3.776e-09,7.714e-01,1.573e-05,3.963e-07
1.950e+07,4.431e-09,7.749e-01,1.846e-05,4.144e-09,7.234e-01,1.723e-05,4.624e-07
2.163e+07,4.851e-09,7.251e-01,2.018e-05,4.547e-09,6.784e-01,1.888e-05,5.392e-07
2.399e+07,5.267e-09,6.726e-01,2.186e-05,4.990e-09,6.362e-01,2.068e-05,6.279e-07
2.661e+07,5.672e-09,6.186e-01,2.349e-05,5.476e-09,5.966e-01,2.265e-05,7.298e-07
2.951e+07,6.061e-09,5.645e-01,2.504e-05,6.009e-09,5.595e-01,2.482e-05,8.460e-07
3.273e+07,6.432e-09,5.112e-01,2.649e-05,6.595e-09,5.247e-01,2.719e-05,9.774e-07
3.631e+07,6.780e-09,4.597e-01,2.783e-05,7.237e-09,4.920e-01,2.978e-05,1.125e-06
4.027e+07,7.104e-09,4.108e-01,2.905e-05,7.928e-09,4.606e-01,3.257e-05,1.288e-06
4.467e+07,7.403e-09,3.650e-01,3.015e-05,7.970e-09,3.943e-01,3.257e-05,1.468e-06
4.955e+07,7.677e-09,3.225e-01,3.112e-05,8.016e-09,3.375e-01,3.257e-05,1.663e-06
5.495e+07,7.927e-09,2.837e-01,3.198e-05,8.065e-09,2.889e-01,3.257e-05,1.874e-06
6.095e+07,8.154e-09,2.485e-01,3.272e-05,8.118e-09,2.474e-01,3.257e-05,2.099e-06
6.761e+07,8.359e-09,2.169e-01,3.336e-05,8.174e-09,2.117e-01,3.257e-05,2.338e-06
7.499e+07,8.544e-09,1.887e-01,3.390e-05,8.233e-09,1.813e-01,3.257e-05,2.589e-06
8.318e+07,8.711e-09,1.637e-01,3.435e-05,8.294e-09,1.552e-01,3.257e-05,2.851e-06
9.226e+07,8.863e-09,1.416e-01,3.472e-05,8.358e-09,1.328e-01,3.257e-05,3.124e-06
1.023e+08,9.001e-09,1.223e-01,3.503e-05,8.424e-09,1.137e-01,3.257e-05,3.408e-06
1.135e+08,9.127e-09,1.054e-01,3.528e-05,8.493e-09,9.735e-02,3.257e-05,3.700e-06
1.259e+08,9.243e-09,9.076e-02,3.547e-05,8.564e-09,8.333e-02,3.257e-05,4.002e-06
1.396e+08,9.351e-09,7.802e-02,3.562e-05,8.637e-09,7.134e-02,3.257e-05,4.314e-06
1.549e+08,9.452e-09,6.700e-02,3.573e-05,8.712e-09,6.107e-02,3.257e-05,4.635e-06
1.718e+08,9.549e-09,5.748e-02,3.581e-05,8.789e-09,5.228e-02,3.257e-05,4.965e-06
1.905e+08,9.641e-09,4.929e-02,3.587e-05,8.869e-09,4.475e-02,3.257e-05,5.306e-06
2.113e+08,9.732e-09,4.223e-02,3.590e-05,8.952e-09,3.831e-02,3.257e-05,5.659e-06
2.344e+08,9.820e-09,3.617e-02,3.592e-05,9.037e-09,3.280e-02,3.257e-05,6.023e-06
2.600e+08,9.909e-09,3.096e-02,3.592e-05,9.125e-09,2.808e-02,3.257e-05,6.400e-06
2.884e+08,9.997e-09,2.649e-02,3.590e-05,9.217e-09,2.403e-02,3.257e-05,6.792e-06
3.199e+08,1.009e-08,2.267e-02,3.588e-05,9.312e-09,2.057e-02,3.257e-05,7.198e-06
3.548e+08,1.018e-08,1.939e-02,3.585e-05,9.411e-09,1.761e-02,3.257e-05,7.621e-06
3.936e+08,1.027e-08,1.658e-02,3.581e-05,9.514e-09,1.508e-02,3.257e-05,8.062e-06
4.365e+08,1.037e-08,1.417e-02,3.576e-05,9.622e-09,1.291e-02,3.257e-05,8.523e-06
4.842e+08,1.047e-08,1.211e-02,3.570e-05,9.735e-09,1.105e-02,3.257e-05,9.004e-06
5.370e+08,1.057e-08,1.035e-02,3.564e-05,9.853e-09,9.458e-03,3.257e-05,9.507e-06
5.957e+08,1.068e-08,8.843e-03,3.557e-05,9.976e-09,8.097e-03,3.257e-05,1.003e-05
6.607e+08,1.079e-08,7.554e-03,3.549e-05,1.011e-08,6.931e-03,3.257e-05,1.059e-05
7.328e+08,1.090e-08,6.450e-03,3.540e-05,1.024e-08,5.934e-03,3.257e-05,1.116e-05
8.128e+08,1.102e-08,5.506e-03,3.531e-05,1.038e-08,5.079e-03,3.257e-05,1.177e-05
9.016e+08,1.115e-08,4.699e-03,3.519e-05,1.053e-08,4.348e-03,3.257e-05,1.241e-05
1.000e+09,1.127e-08,4.008e-03,3.507e-05,1.069e-08,3.722e-03,3.257e-05,1.308e-05
