1.000000000000000000e+04 1.371727988511156604e-20 7.290075061349284250e+19
1.009727545900835685e+04 1.699134644277845989e-20 5.885348776612184883e+19
1.019549716950924449e+04 2.101905727880982849e-20 4.757587301539640934e+19
1.029467433620748670e+04 2.596731832705809335e-20 3.850994497795308749e+19
1.039481625334710043e+04 3.203850011922368571e-20 3.121244740792287232e+19
1.049593230558226605e+04 3.947764389466578056e-20 2.533079235093662515e+19
1.059803196885688340e+04 4.858106232350943004e-20 2.058415259305843507e+19
1.070112481129246225e+04 5.970659064785268932e-20 1.674856978349281075e+19
1.080522049408488238e+04 7.328578823746382919e-20 1.364521040231915315e+19
1.091032877240974449e+04 8.983844187911461267e-20 1.113109242639789466e+19
1.101645949633656892e+04 1.099897816352681517e-19 9.091753662317942784e+18
1.112362261175188178e+04 1.344908890247840066e-19 7.435447912131207168e+18
1.123182816129124876e+04 1.642428569631545434e-19 6.088544844445413376e+18
1.134108628528053305e+04 2.003253528999640387e-19 4.991879387824502784e+18
1.145140722268591526e+04 2.440303426550712503e-19 4.097851066879280128e+18
1.156280131207375416e+04 2.969018545540084248e-19 3.368116381428979200e+18
1.167527899257919489e+04 3.607828038173958521e-19 2.771750730409349120e+18
1.178885080488457243e+04 4.378700582643640702e-19 2.283782554038554624e+18
1.190352739220719195e+04 5.307791110464826907e-19 1.884022899899739392e+18
1.201931950129674260e+04 6.426199374745095907e-19 1.556129745880575744e+18
1.213623798344241732e+04 7.770858545444599684e-19 1.286859095622343936e+18
1.225429379548979523e+04 9.385574774312253951e-19 1.065464847967477632e+18
1.237349800086777395e+04 1.132224181365379326e-18 8.832173137249845760e+17
1.249386177062508978e+04 1.364225834803784698e-18 7.330164658139823360e+17
1.261539638447754260e+04 1.641817976048322926e-18 6.090809179753843200e+17
1.273811323186478512e+04 1.973564066449347340e-18 5.066975108637374720e+17
1.286202381301779315e+04 2.369558975687460278e-18 4.220194602710314240e+17
1.298713974003656585e+04 2.841688445685242927e-18 3.519034613095527040e+17
1.311347273797833986e+04 3.403929947558411773e-18 2.937780786932131200e+17
1.324103464595638252e+04 4.072701099577282861e-18 2.455372922171462080e+17
1.336983741824945173e+04 4.867262663182881030e-18 2.054542910873158720e+17
1.349989312542218613e+04 5.810184089441905523e-18 1.721115862433981120e+17
1.363121395545610721e+04 6.927880661722754299e-18 1.443442877884865600e+17
1.376381221489191921e+04 8.251232484728460203e-18 1.211940157850138560e+17
1.389770032998276474e+04 9.816296919417997806e-18 1.018714091687529440e+17
1.403289084785873092e+04 1.166512757313037580e-17 8.572559483219150400e+16
1.416939643770269504e+04 1.384671464111018177e-17 7.221929720650497600e+16
1.430722989193755711e+04 1.641806327775291275e-17 6.090852392773008800e+16
1.444640412742521949e+04 1.944542877291673978e-17 5.142596811199056000e+16
1.458693218667674046e+04 2.300572964186473719e-17 4.346743248604675200e+16
1.472882723907501713e+04 2.718816232980697800e-17 3.678071315999456800e+16
1.487210258210860047e+04 3.209604410836499303e-17 3.115648759154640800e+16
1.501677164261799953e+04 3.784891392828229297e-17 2.642083738241054400e+16
1.516284797805393464e+04 4.458492451895352832e-17 2.242910604401470800e+16
1.531034527774784874e+04 5.246356292156840102e-17 1.906084803075560800e+16
1.545927736419478606e+04 6.166874094167307826e-17 1.621567077144983800e+16
1.560965819434870900e+04 7.241230174379256888e-17 1.380980822206392000e+16
1.576150186093062621e+04 8.493799402279484038e-17 1.177329428961590000e+16
1.591482259374890418e+04 9.952597091353783012e-17 1.004762868245455000e+16
1.606963476103325411e+04 1.164978770842122796e-16 8.583847405881350000e+15
1.622595287078087131e+04 1.362225943441654724e-16 7.340926112987591000e+15
1.638379157211618985e+04 1.591227236309575740e-16 6.284457538064968000e+15
1.654316565666367751e+04 1.856818894735479278e-16 5.385554847784221000e+15
1.670409005993400206e+04 2.164529620109885327e-16 4.619941398395988000e+15
1.686657986272370545e+04 2.520673014333587509e-16 3.967194452884556000e+15
1.703065029252842578e+04 2.932451403612841146e-16 3.410116187323613000e+15
1.719631672497011459e+04 3.408072312516500659e-16 2.934210041046945500e+15
1.736359468523753458e+04 3.956878984723652462e-16 2.527244335398444500e+15
1.753249984954169122e+04 4.589496482923669554e-16 2.178888258702760750e+15
1.770304804658450303e+04 5.317995047513554542e-16 1.880407918897091000e+15
1.787525525904235474e+04 6.156072552757168060e-16 1.624412304159934500e+15
1.804913762506384592e+04 7.119258070628992517e-16 1.404640750593901750e+15
1.822471143978215696e+04 8.225138737396376422e-16 1.215784963545240500e+15
1.840199315684212343e+04 9.493612316822019840e-16 1.053339831697224000e+15
1.858099938994213153e+04 1.094716806746343542e-15 9.134782565110555000e+14
1.876174691439119488e+04 1.261119875065062183e-15 7.929460313583665000e+14
1.894425266868079780e+04 1.451434686112328926e-15 6.889734753952327500e+14
1.912853375607242197e+04 1.668888842476106388e-15 5.992010819104731250e+14
1.931460744620030164e+04 1.917115798812879360e-15 5.216169000428780625e+14
1.950249117668984036e+04 2.200201872342882766e-15 4.545037492105899375e+14
1.969220255479173647e+04 2.522738189069013159e-15 3.963946811179158750e+14
1.988375935903198479e+04 2.889878023732841185e-15 3.460353661253511875e+14
2.007717954087818362e+04 3.307400027433898245e-15 3.023522983930875625e+14
2.027248122642135422e+04 3.781777874900257294e-15 2.644258951952260000e+14
2.046968271807520068e+04 4.320256903676170983e-15 2.314677164566498750e+14
2.066880249629082027e+04 4.930938360048133050e-15 2.028011560846683438e+14
2.086985922128879974e+04 5.622871911420364025e-15 1.778450613411528438e+14
2.107287173480786441e+04 6.406157132127844685e-15 1.560998238686417812e+14
2.127785906187063301e+04 7.292054719384046926e-15 1.371355589723919375e+14
2.148484041256649289e+04 8.293108248239733305e-15 1.205820507904568438e+14
2.169383518385182106e+04 9.423277329108278776e-15 1.061201920600409219e+14
2.190486296136795136e+04 1.069808308862032874e-14 9.347468997167457812e+13
2.211794352127612729e+04 1.213476695430503595e-14 8.240784547124996875e+13
2.233309683211143420e+04 1.375246378587602879e-14 7.271424346719704688e+13
2.255034305665360807e+04 1.557239046069942825e-14 6.421621667679949219e+13
2.276970255381679817e+04 1.761805108833674417e-14 5.675996709204720312e+13
2.299119588055742861e+04 1.991546009882814276e-14 5.021224691961003906e+13
2.321484379380065729e+04 2.249338452158952657e-14 4.445751589940514844e+13
2.344066725238558502e+04 2.538360684634870413e-14 3.939550458897233594e+13
2.366868741902933471e+04 2.862120993438425256e-14 3.493912389771629688e+13
2.389892566231052842e+04 3.224488552733750536e-14 3.101267018461550781e+13
2.413140355867126345e+04 3.629726798194979614e-14 2.755028286143431641e+13
2.436614289443983216e+04 4.082529494208126701e-14 2.449461789360486719e+13
2.460316566787181728e+04 4.588059674414837248e-14 2.179570604925796484e+13
2.484249409121190547e+04 5.151991643851610870e-14 1.940996936967862500e+13
2.508415059277541150e+04 5.780556239717193925e-14 1.729937325285712891e+13
2.532815781905005861e+04 6.480589556702070211e-14 1.543069486580621484e+13
2.557453863681853181e+04 7.259585351809119942e-14 1.377489142338957031e+13
2.582331613530082905e+04 8.125751352662362194e-14 1.230655426925357422e+13
2.607451362831876031e+04 9.088069702409493666e-14 1.100343673348888281e+13
2.632815465648020108e+04 1.015636178344610891e-13 9.846045476933517578e+12
2.658426298938541368e+04 1.134135767129026936e-13 8.817286509986535156e+12
2.684286262785454892e+04 1.265477047898371090e-13 7.902158333576578125e+12
2.710397780617683384e+04 1.410937586135096216e-13 7.087485724575847656e+12
2.736763299438165268e+04 1.571909695727112811e-13 6.361688605384125000e+12
2.763385290053167046e+04 1.749909505676816373e-13 5.714581221234224609e+12
2.790266247303859200e+04 1.946586628816648514e-13 5.137197518961234375e+12
2.817408690300054514e+04 2.163734462872675624e-13 4.621639194452506836e+12
2.844815162656362008e+04 2.403301155005179137e-13 4.160943367073965332e+12
2.872488232730495292e+04 2.667401261705847184e-13 3.748967260218222656e+12
2.900430493863991796e+04 2.958328136641323832e-13 3.380287628049703613e+12
2.928644564625237399e+04 3.278567079697315615e-13 3.050112978296366211e+12
2.957133089054862285e+04 3.630809281090212217e-13 2.754206907005958008e+12
2.985898736913524044e+04 4.017966594968710123e-13 2.488821089882125977e+12
3.014944203932091477e+04 4.443187177421405906e-13 2.250636671535291504e+12
3.044272212064305859e+04 4.909872024231752288e-13 2.036712963321014648e+12
3.073885509741793794e+04 5.421692444072570642e-13 1.844442506312360596e+12
3.103786872131721248e+04 5.982608503103828675e-13 1.671511681704044922e+12
3.133979101396794067e+04 6.596888477123641933e-13 1.515866159429176025e+12
3.164465026957891314e+04 7.269129347516271439e-13 1.375680569422914062e+12
3.195247505759213527e+04 8.004278377239392761e-13 1.249331860875247803e+12
3.226329422536017228e+04 8.807655802986725891e-13 1.135375884762542969e+12
3.257713690084953487e+04 9.684978679449510577e-13 1.032526795460988525e+12
3.289403249537028751e+04 1.064238591127115809e-12 9.396389196344759521e+11
3.321401070633265772e+04 1.168646450784522896e-12 8.556907859761101074e+11
3.353710152002928953e+04 1.282427709553463015e-12 7.797710487308454590e+11
3.386333521444636426e+04 1.406339072118942967e-12 7.110660720627575684e+11
3.419274236210027448e+04 1.541190698000991852e-12 6.488489719650230713e+11
3.452535383290305617e+04 1.687849349982607549e-12 5.924699381555021973e+11
3.486120079705521493e+04 1.847241681275404778e-12 5.413476807807642212e+11
3.520031472796675371e+04 2.020357664393022976e-12 4.949618662200737305e+11
3.554272740520698426e+04 2.208254164561157166e-12 4.528464232280654907e+11
3.588847091748195817e+04 2.412058660337634525e-12 4.145836154167254639e+11
3.623757766564257327e+04 2.632973113943910420e-12 3.797987889447559204e+11
3.659008036572021228e+04 2.872277993622609145e-12 3.481557155053671875e+11
3.694601205199302058e+04 3.131336450132685985e-12 3.193524604989752808e+11
3.730540608008161507e+04 3.411598649275015120e-12 2.931177148321669922e+11
3.766829613007493026e+04 3.714606262106971599e-12 2.692075362605961304e+11
3.803471620968650677e+04 4.041997114253403474e-12 2.474024527315155945e+11
3.840470065744141175e+04 4.395509995455547382e-12 2.275048859026336365e+11
3.877828414589461318e+04 4.776989630217856930e-12 2.093368580233645020e+11
3.915550168487937481e+04 5.188391810114229062e-12 1.927379497536412354e+11
3.953638862478928786e+04 5.631788688003928110e-12 1.775634803432991638e+11
3.992098065989020688e+04 6.109374234079552299e-12 1.636828849707324524e+11
4.030931383166566957e+04 6.623469853327280056e-12 1.509782670027029724e+11
4.070142453219438903e+04 7.176530163624979779e-12 1.393431055398621826e+11
4.109734950756071339e+04 7.771148933334419262e-12 1.286811009000857239e+11
4.149712586129819829e+04 8.410065176861396667e-12 1.189051427034476318e+11
4.190079105786664877e+04 9.096169406264789756e-12 1.099363869928886414e+11
4.230838292616346007e+04 9.832510036590067496e-12 1.017034303833572998e+11
4.271993966306776565e+04 1.062229994218741407e-11 9.414157060547787476e+10
4.313549983702119061e+04 1.146892316084856639e-11 8.719214402043405151e+10
4.355510239164131053e+04 1.237594174216451880e-11 8.080193175061784363e+10
4.397878664937159920e+04 1.334710273606195086e-11 7.492262701313775635e+10
4.440659231516642467e+04 1.438634531703197688e-11 6.951035707561538696e+10
4.483855948021181393e+04 1.549780803910774493e-11 6.452525398924562836e+10
4.527472862568302662e+04 1.668583621619195360e-11 5.993106890439203644e+10
4.571514062653714063e+04 1.795498942187343549e-11 5.569482534931281281e+10
4.615983675534503709e+04 1.931004910241162729e-11 5.178650736186425781e+10
4.660885868615764775e+04 2.075602629610094670e-11 4.817877881508811188e+10
4.706224849841281684e+04 2.229816945177126327e-11 4.484673067728277588e+10
4.752004868087766226e+04 2.394197233871265178e-11 4.176765330160637665e+10
4.798230213563085272e+04 2.569318203986754212e-11 3.892083115467449951e+10
4.844905218208296719e+04 2.755780701967199678e-11 3.628735767276965332e+10
4.892034256103607186e+04 2.954212525749414603e-11 3.384996818217481995e+10
4.939621743878325651e+04 3.165269243717275222e-11 3.159288904047876358e+10
4.987672141124658083e+04 3.389635018274226630e-11 2.950170135158482361e+10
5.036189950815767952e+04 3.628023433000759801e-11 2.756321778144895172e+10
5.085179719727656629e+04 3.881178322323804460e-11 2.576537115669715500e+10
5.134646038865306036e+04 4.149874602585644978e-11 2.409711366644510651e+10
5.184593543892913294e+04 4.434919103362461295e-11 2.254832561076077652e+10
5.235026915568308323e+04 4.737151397848683067e-11 2.110973274897098160e+10
5.285950880181609682e+04 5.057444631087538692e-11 1.977283139894628525e+10
5.337370209998128121e+04 5.396706344798190391e-11 1.852982052588216019e+10
5.389289723705649521e+04 5.755879297519685429e-11 1.737354013714148712e+10
5.441714286865887698e+04 6.135942278764853736e-11 1.629741536944993973e+10
5.494648812370609085e+04 6.537910915852273509e-11 1.529540571706675339e+10
5.548098260901917092e+04 6.962838472062822780e-11 1.436195890529883575e+10
5.602067641397187253e+04 7.411816634746065380e-11 1.349196896361509514e+10
5.656562011518465442e+04 7.885976291986991397e-11 1.268073809727412796e+10
5.711586478126434668e+04 8.386488296427449880e-11 1.192394199638946533e+10
5.767146197759002825e+04 8.914564214826952870e-11 1.121759825720669556e+10
5.823246377114521601e+04 9.471457061938268708e-11 1.055803762251715088e+10
5.879892273539790767e+04 1.005846201726900130e-10 9.941877776971637726e+09
5.937089195522606315e+04 1.067691712329860853e-10 9.365999458943559647e+09
5.994842503189409035e+04 1.132820396372024707e-10 8.827524673837125778e+09
6.053157608807464567e+04 1.201374832028360204e-10 8.323796814618083000e+09
6.112039977292132971e+04 1.273502080682129796e-10 7.852362514118288040e+09
6.171495126718984829e+04 1.349353747905331574e-10 7.410955070546544075e+09
6.231528628840915189e+04 1.429086041877905455e-10 6.997479302827278137e+09
6.292146109610350686e+04 1.512859829108392774e-10 6.609997706062115669e+09
6.353353249706337374e+04 1.600840687320930222e-10 6.246717789722969055e+09
6.415155785067079705e+04 1.693198955376065881e-10 5.905980492280047417e+09
6.477559507427331846e+04 1.790109780095485270e-10 5.586249575971031189e+09
6.540570264861226315e+04 1.891753159864044565e-10 5.286101914437227249e+09
6.604193962330305658e+04 1.998313984886135867e-10 5.004218594091359138e+09
6.668436562236896134e+04 2.109982073976810387e-10 4.739376757430170059e+09
6.733304084982867062e+04 2.226952207772746840e-10 4.490442123138938904e+09
6.798802609533807845e+04 2.349424158252248183e-10 4.256362123831681728e+09
6.864938273988784931e+04 2.477602714458219552e-10 4.036159607690255642e+09
6.931717276155400032e+04 2.611697704323283748e-10 3.828927055166630268e+09
6.999145874130817538e+04 2.751924012501597784e-10 3.633821266347263813e+09
7.067230386888071371e+04 2.898501594117066423e-10 3.450058478593375683e+09
7.135977194868306105e+04 3.051655484344211246e-10 3.276909877704940319e+09
7.205392740578704979e+04 3.211615803743326892e-10 3.113697469150703430e+09
7.275483529196232848e+04 3.378617759278702137e-10 2.959790278890527725e+09
7.346256129177263938e+04 3.552901640954500635e-10 2.814600856024109364e+09
7.417717172873116215e+04 3.734712814010230677e-10 2.677582051954960823e+09
7.489873357151672826e+04 3.924301706624443270e-10 2.548224052987422943e+09
7.562731444024796656e+04 4.121923793082421446e-10 2.426051645297858715e+09
7.636298261282242311e+04 4.327839572371328878e-10 2.310621693058912754e+09
7.710580703131336486e+04 4.542314542172888866e-10 2.201520812166464329e+09
7.785585730843145575e+04 4.765619168232419415e-10 2.098363223536602020e+09
7.861320373404814745e+04 4.998028849089571933e-10 2.000788771321633101e+09
7.937791728178285121e+04 5.239823876164701529e-10 1.908461092650220394e+09
8.015006961565413803e+04 5.491289389202245655e-10 1.821065926640730619e+09
8.092973309679541853e+04 5.752715327080532661e-10 1.738309551478351593e+09
8.171698079023705213e+04 6.024396374005034364e-10 1.659917339295517445e+09
8.251188647175162623e+04 6.306631901110867531e-10 1.585632419459675789e+09
8.331452463477014680e+04 6.599725903507207595e-10 1.515214441661255598e+09
8.412497049736118061e+04 6.903986932804487658e-10 1.448438430913697004e+09
8.494330000928071968e+04 7.219728025174121145e-10 1.385093727233419657e+09
8.576958985908946488e+04 7.547266624996489750e-10 1.324983003367083549e+09
8.660391748133943474e+04 7.886924504162429176e-10 1.267921354480110407e+09
8.744636106383152946e+04 8.239027677099550778e-10 1.213735454220537186e+09
8.829699955494083406e+04 8.603906311603545680e-10 1.162262772028750658e+09
8.915591267101759149e+04 8.981894635561019284e-10 1.113350846981449842e+09
9.002318090385581309e+04 9.373330839658080296e-10 1.066856613840036035e+09
9.089888552823731152e+04 9.778556976176154524e-10 1.022645777323111653e+09
9.178310860954805685e+04 1.019791885398215575e-09 9.805922309427995682e+08
9.267593301146883459e+04 1.063176592982915603e-09 9.405775170372558832e+08
9.357744240374067158e+04 1.108045119608711817e-09 9.024903249004280567e+08
9.448772127000568435e+04 1.154433106503308937e-09 8.662260241556348801e+08
9.540685491572522733e+04 1.202376524983146885e-09 8.316862307454118729e+08
9.633492947617212485e+04 1.251911664234649220e-09 7.987784031162819862e+08
9.727203192450536881e+04 1.303075118792937712e-09 7.674154663672177792e+08
9.821825007991856546e+04 1.355903775733073727e-09 7.375154623043562174e+08
9.917367261587073153e+04 1.410434801589300511e-09 7.090012235044001341e+08
1.001383890683960781e+05 1.466705629018187037e-09 6.818000696359229088e+08
1.011124898444946448e+05 1.524753943222026795e-09 6.558435244226058722e+08
1.020960662306047598e+05 1.584617668149345109e-09 6.310670517563314438e+08
1.030892104011575138e+05 1.646334952489466400e-09 6.074098095821106434e+08
1.040920154272159125e+05 1.709944155478827758e-09 5.848144202814475298e+08
1.051045752851944417e+05 1.775483832536515698e-09 5.632267563773682117e+08
1.061269848656690156e+05 1.842992720747449894e-09 5.425957404728310108e+08
1.071593399822671199e+05 1.912509724211030955e-09 5.228731584162431955e+08
1.082017373806478863e+05 1.984073899274106161e-09 5.040134847627702951e+08
1.092542747475683136e+05 2.057724439666634356e-09 4.859737196696789265e+08
1.103170507200378051e+05 2.133500661559004845e-09 4.687132364277186394e+08
1.113901648945617926e+05 2.211441988559635714e-09 4.521936388895841837e+08
1.124737178364750725e+05 2.291587936672109571e-09 4.363786281106978655e+08
1.135678110893670382e+05 2.373978099230449391e-09 4.212338775678514838e+08
1.146725471845963039e+05 2.458652131831830510e-09 4.067269163673614860e+08
1.157880296509002219e+05 2.545649737285297737e-09 3.928270198972496390e+08
1.169143630240966741e+05 2.635010650595650467e-09 3.795051074172878861e+08
1.180516528568805516e+05 2.726774624001131755e-09 3.667336461172762513e+08
1.192000057287153904e+05 2.820981412083348865e-09 3.544865612076050043e+08
1.203595292558213550e+05 2.917670756968231672e-09 3.427391516372140646e+08
1.215303321012603410e+05 3.016882373635992364e-09 3.314680110629519820e+08
1.227125239851189108e+05 3.118655935358099980e-09 3.206509537209255695e+08
1.239062156947915646e+05 3.223031059279431338e-09 3.102669448750421405e+08
1.251115190953615092e+05 3.330047292162482371e-09 3.002960355408691764e+08
1.263285471400849201e+05 3.439744096311379983e-09 2.907193012039334774e+08
1.275574138809759897e+05 3.552160835692142511e-09 2.815187842712501884e+08
1.287982344794950914e+05 3.667336762265937537e-09 2.726774400129346251e+08
1.300511252173409885e+05 3.785311002551274341e-09 2.641790857675912976e+08
1.313162035073477309e+05 3.906122544430905338e-09 2.560083532007296383e+08
1.325935879044892208e+05 4.029810224218642540e-09 2.481506434199130237e+08
1.338833981169863837e+05 4.156412714000851763e-09 2.405920847637449205e+08
1.351857550175292126e+05 4.285968509267314864e-09 2.333194930942107737e+08
1.365007806546013744e+05 4.418515916844638264e-09 2.263203344334951639e+08
1.378285982639189169e+05 4.554093043146374022e-09 2.195826897970250249e+08
1.391693322799790476e+05 4.692737782751958455e-09 2.130952220845313966e+08
1.405231083477212233e+05 4.834487807327253178e-09 2.068471449001026750e+08
1.418900533343017742e+05 4.979380554898149163e-09 2.008281931808392406e+08
1.432702953409829352e+05 5.127453219488642305e-09 1.950285955216826499e+08
1.446639637151389616e+05 5.278742741133815346e-09 1.894390480914421380e+08
1.460711890623744985e+05 5.433285796277755761e-09 1.840506900419414043e+08
1.474921032587684167e+05 5.591118788566200085e-09 1.788550803186283708e+08
1.489268394632288837e+05 5.752277840042116942e-09 1.738441757870092988e+08
1.503755321299738425e+05 5.916798782753235124e-09 1.690103105947900414e+08
1.518383170211307588e+05 6.084717150778394716e-09 1.643461766948482990e+08
1.533153312194594764e+05 6.256068172680596858e-09 1.598448054589405954e+08
1.548067131411985902e+05 6.430886764392228085e-09 1.554995503166052699e+08
1.563126025490367902e+05 6.609207522539323180e-09 1.513040703578619063e+08
1.578331405652116518e+05 6.791064718208981768e-09 1.472523148422787488e+08
1.593684696847328159e+05 6.976492291165600708e-09 1.433385085605712831e+08
1.609187337887370086e+05 7.165523844519032473e-09 1.395571379983485937e+08
1.624840781579713221e+05 7.358192639848558095e-09 1.359029382547643483e+08
1.640646494864079577e+05 7.554531592785388664e-09 1.323708806718082428e+08
1.656605958949915075e+05 7.754573269055679777e-09 1.289561611327422261e+08
1.672720669455195020e+05 7.958349880985956493e-09 1.256541889907597899e+08
1.688992136546600668e+05 8.165893284471956298e-09 1.224605765913660973e+08
1.705421885081004875e+05 8.377234976410812333e-09 1.193711293542401344e+08
1.722011454748420219e+05 8.592406092597270052e-09 1.163818363824241608e+08
1.738762400216250389e+05 8.811437406082923190e-09 1.134888615686761886e+08
1.755676291275001422e+05 9.034359325997228274e-09 1.106885351706573069e+08
1.772754712985388178e+05 9.261201896828199945e-09 1.079773458283511251e+08
1.789999265826876217e+05 9.491994798161771306e-09 1.053519329987054914e+08
1.807411565847669553e+05 9.726767344875446832e-09 1.028090797840302587e+08
1.824993244816150400e+05 9.965548487784538877e-09 1.003457061320577711e+08
1.842745950373818632e+05 1.020836681473605282e-08 9.795886238692687452e+07
1.860671346189655305e+05 1.045525055214677153e-08 9.564572317156669497e+07
1.878771112116085133e+05 1.070622756698075466e-08 9.340358158312605321e+07
1.897046944346358359e+05 1.096132536916115416e-08 9.122984368417920172e+07
1.915500555573527818e+05 1.122057111441076571e-08 8.912202327345739305e+07
1.934133675150945783e+05 1.148399160751555403e-08 8.707773692080745101e+07
1.952948049254328653e+05 1.175161330600523771e-08 8.509469925197301805e+07
1.971945441045397893e+05 1.202346232424338625e-08 8.317071846964249015e+07
1.991127630837106844e+05 1.229956443792114499e-08 8.130369209797957540e+07
2.010496416260497062e+05 1.257994508894657889e-08 7.949160293860536814e+07
2.030053612433136732e+05 1.286462939072217752e-08 7.773251522668725252e+07
2.049801052129237505e+05 1.315364213380255037e-08 7.602457097644276917e+07
2.069740585951406101e+05 1.344700779192442138e-08 7.436598650597558916e+07
2.089874082504071121e+05 1.374475052839992933e-08 7.275504913194034994e+07
2.110203428568596428e+05 1.404689420286482028e-08 7.119011402506706119e+07
2.130730529280098563e+05 1.435346237837281004e-08 6.966960121808363497e+07
2.151457308305982733e+05 1.466447832882599043e-08 6.819199275805796683e+07
2.172385708026213397e+05 1.497996504673358494e-08 6.675582999561485648e+07
2.193517689715357847e+05 1.529994525128733583e-08 6.535971100392402709e+07
2.214855233726359147e+05 1.562444139674609636e-08 6.400228812072969973e+07
2.236400339676138829e+05 1.595347568111753630e-08 6.268226560708621144e+07
2.258155026632983063e+05 1.628707005512922011e-08 6.139839741679468006e+07
2.280121333305758308e+05 1.662524623147664499e-08 6.014948507088550180e+07
2.302301318234964856e+05 1.696802569434023178e-08 5.893437563178342581e+07
2.324697059985645465e+05 1.731542970915899988e-08 5.775195977210139483e+07
2.347310657342198538e+05 1.766747933265234015e-08 5.660116993327052146e+07
2.370144229505010881e+05 1.802419542307769311e-08 5.548097856948594004e+07
2.393199916289121902e+05 1.838559865071546352e-08 5.439039647268084437e+07
2.416479878324700694e+05 1.875170950856926670e-08 5.332847117448220402e+07
2.439986297259550192e+05 1.912254832327171259e-08 5.229428542131189257e+07
2.463721375963552855e+05 1.949813526618517295e-08 5.128695571900454909e+07
2.487687338735108497e+05 1.987849036468646706e-08 5.030563094350814074e+07
2.511886431509582035e+05 2.026363351362642347e-08 4.934949101440977305e+07
2.536320922069773078e+05 2.065358448695171131e-08 4.841774562821134925e+07
2.560993100258462073e+05 2.104836294948112615e-08 4.750963304842913896e+07
2.585905278192944534e+05 2.144798846882347257e-08 4.662441894975780696e+07
2.611059790481779783e+05 2.185248052742890085e-08 4.576139531367228925e+07
2.636458994443517877e+05 2.226185853476234861e-08 4.491987937298583984e+07
2.662105270327638718e+05 2.267614183958940301e-08 4.409921260300720483e+07
2.688001021537607303e+05 2.309534974236405836e-08 4.329875975706437230e+07
2.714148674856108264e+05 2.351950150771034215e-08 4.251790794427222013e+07
2.740550680672463495e+05 2.394861637698475003e-08 4.175606574754048139e+07
2.767209513212265447e+05 2.438271358091380202e-08 4.101266237990736961e+07
2.794127670769267133e+05 2.482181235229387880e-08 4.028714687739495933e+07
2.821307675939470646e+05 2.526593193874624089e-08 3.957898732666429132e+07
2.848752075857552118e+05 2.571509161551662953e-08 3.888767012584137172e+07
2.876463442435557954e+05 2.616931069831132307e-08 3.821269927696371824e+07
2.904444372603925876e+05 2.662860855616033816e-08 3.755359570857701451e+07
2.932697488554854644e+05 2.709300462429882551e-08 3.690989662708479166e+07
2.961225437988037593e+05 2.756251841705907023e-08 3.628115489552207291e+07
2.990030894358788501e+05 2.803716954076305456e-08 3.566693843849346787e+07
3.019116557128574350e+05 2.851697770660928992e-08 3.506682967207401991e+07
3.048485152018016088e+05 2.900196274354429978e-08 3.448042495753482729e+07
3.078139431262287544e+05 2.949214461111229480e-08 3.390733407780767977e+07
3.108082173869063845e+05 2.998754341227318344e-08 3.334717973566064239e+07
3.138316185878944816e+05 3.048817940618507665e-08 3.279959707259961963e+07
3.168844300628417986e+05 3.099407302093971944e-08 3.226423320756829903e+07
3.199669379015382729e+05 3.150524486624748094e-08 3.174074679455452412e+07
3.230794309767246596e+05 3.202171574606205948e-08 3.122880759826172888e+07
3.262222009711673018e+05 3.254350667114057836e-08 3.072809608703893051e+07
3.293955424049853464e+05 3.307063887153100874e-08 3.023830304230542108e+07
3.325997526632605586e+05 3.360313380898090456e-08 2.975912918374107406e+07
3.358351320238990011e+05 3.414101318926216203e-08 2.929028480954731628e+07
3.391019836857747287e+05 3.468429897440443196e-08 2.883148945111902803e+07
3.424006137971425778e+05 3.523301339483231440e-08 2.838247154149669409e+07
3.457313314843286062e+05 3.578717896140179609e-08 2.794296809699776769e+07
3.490944488806994632e+05 3.634681847732767213e-08 2.751272441145784408e+07
3.524902811559127294e+05 3.691195504999953643e-08 2.709149376253405958e+07
3.559191465454560821e+05 3.748261210268066337e-08 2.667903712955166399e+07
3.593813663804625394e+05 3.805881338608393716e-08 2.627512292239900306e+07
3.628772651178335655e+05 3.864058298982044850e-08 2.587952672099802271e+07
3.664071703706370899e+05 3.922794535371897150e-08 2.549203102489781007e+07
3.699714129388128058e+05 3.982092527900712290e-08 2.511242501256449148e+07
3.735703268401721143e+05 4.041954793935395850e-08 2.474050430995452031e+07
3.772042493417001097e+05 4.102383889177010931e-08 2.437607076798003912e+07
3.808735209911618149e+05 4.163382408735800609e-08 2.401893224849473312e+07
3.845784856490154634e+05 4.224952988191327091e-08 2.366890241844070703e+07
3.883194905206402182e+05 4.287098304637043993e-08 2.332580055181781948e+07
3.920968861888688989e+05 4.349821077709114475e-08 2.298945133914937824e+07
3.959110266468458576e+05 4.413124070599152283e-08 2.265968470413373038e+07
3.997622693312000483e+05 4.477010091050561459e-08 2.233633562718512863e+07
4.036509751555416151e+05 4.541481992338198768e-08 2.201924397558045387e+07
4.075775085442842101e+05 4.606542674231070317e-08 2.170825433994098753e+07
4.115422374667961849e+05 4.672195083937823477e-08 2.140321587679038569e+07
4.155455334718879312e+05 4.738442217034776698e-08 2.110398215694144741e+07
4.195877717226221575e+05 4.805287118376331695e-08 2.081041101947498322e+07
4.236693310314833652e+05 4.872732882987308098e-08 2.052236443108561635e+07
4.277905938958685147e+05 4.940782656937351450e-08 2.023970835057681054e+07
4.319519465339363669e+05 5.009439638196906314e-08 1.996231259829970077e+07
4.361537789208005415e+05 5.078707077474688346e-08 1.969005073033735901e+07
4.403964848250756040e+05 5.148588279036491184e-08 1.942279991724528372e+07
4.446804618457782781e+05 5.219086601505159441e-08 1.916044082716705278e+07
4.490061114495869842e+05 5.290205458641506758e-08 1.890285751315212622e+07
4.533738390084695420e+05 5.361948320106109446e-08 1.864993730450969189e+07
4.577840538376616314e+05 5.434318712201695789e-08 1.840157070204028115e+07
4.622371692340381560e+05 5.507320218596277924e-08 1.815765127699225768e+07
4.667336025148346671e+05 5.580956481026473076e-08 1.791807557359909266e+07
4.712737750567601179e+05 5.655231199981393329e-08 1.768274301505639777e+07
4.758581123354849406e+05 5.730148135366491813e-08 1.745155581280694902e+07
4.804870439655134105e+05 5.805711107147667076e-08 1.722441887900443003e+07
4.851610037404448376e+05 5.881923995975237839e-08 1.700123974203440174e+07
4.898804296736245160e+05 5.958790743787839776e-08 1.678192846497454494e+07
4.946457640391968889e+05 6.036315354396129805e-08 1.656639756688191742e+07
4.994574534135411377e+05 6.114501894046176168e-08 1.635456194679932669e+07
5.043159487171358778e+05 6.193354491962409846e-08 1.614633881037774496e+07
5.092217052568053477e+05 6.272877340870159195e-08 1.594164759901526012e+07
5.141751827683927841e+05 6.353074697497652618e-08 1.574040992141773179e+07
5.191768454598429380e+05 6.433950883057198135e-08 1.554254948749054596e+07
5.242271620547046768e+05 6.515510283705975918e-08 1.534799204447279498e+07
5.293266058360566385e+05 6.597757350985747658e-08 1.515666531523159891e+07
5.344756546908593737e+05 6.680696602241756705e-08 1.496849893863527104e+07
5.396747911547439871e+05 6.764332621020836204e-08 1.478342441192794964e+07
5.449245024572256953e+05 6.848670057448318899e-08 1.460137503503243066e+07
5.502252805673684925e+05 6.933713628583972293e-08 1.442228585670942254e+07
5.555776222398878308e+05 7.019468118756710335e-08 1.424609362250540778e+07
5.609820290617034771e+05 7.105938379877991636e-08 1.407273672442357801e+07
5.664390074989452260e+05 7.193129331734104072e-08 1.390215515225446597e+07
5.719490689444137970e+05 7.281045962256785194e-08 1.373429044650676288e+07
5.775127297655120492e+05 7.369693327772527846e-08 1.356908565287950262e+07
5.831305113526218338e+05 7.459076553230155418e-08 1.340648527822052874e+07
5.888029401679823641e+05 7.549200832406984372e-08 1.324643524791696854e+07
5.945305477950134082e+05 7.640071428092965234e-08 1.308888286466727033e+07
6.003138709881384857e+05 7.731693672253005872e-08 1.293377676858479530e+07
6.061534517230839701e+05 7.824072966167667637e-08 1.278106689858508483e+07
6.120498372476702789e+05 7.917214780551203377e-08 1.263070445501263998e+07
6.180035801330960821e+05 8.011124655648111246e-08 1.248264186346128769e+07
6.240152383257203037e+05 8.105808201306905990e-08 1.233683273974788934e+07
6.300853751993559999e+05 8.201271097031760155e-08 1.219323185599759407e+07
6.362145596080517862e+05 8.297519092011491144e-08 1.205179510780226626e+07
6.424033659394191345e+05 8.394558005126075433e-08 1.191247948241417110e+07
6.486523741684461711e+05 8.492393724930210837e-08 1.177524302793931030e+07
6.549621699118558317e+05 8.591032209614153144e-08 1.164004482349522971e+07
6.613333444829843938e+05 8.690479486941264644e-08 1.150684495030048117e+07
6.677664949471958680e+05 8.790741654162637180e-08 1.137560446366291307e+07
6.742622241778349271e+05 8.891824877908154440e-08 1.124628536583656818e+07
6.808211409127230290e+05 8.993735394053971013e-08 1.111885057971718907e+07
6.874438598112108884e+05 9.096479507566682144e-08 1.099326392334720865e+07
6.941310015117721632e+05 9.200063592323093653e-08 1.086949008520376496e+07
7.008831926901709521e+05 9.304494090906265669e-08 1.074749460024213977e+07
7.077010661181889009e+05 9.409777514377306067e-08 1.062724382666953094e+07
7.145852607229240239e+05 9.515920442022582754e-08 1.050870492342465185e+07
7.215364216466669459e+05 9.622929521076352138e-08 1.039184582833926007e+07
7.285552003073596861e+05 9.730811466418543071e-08 1.027663523695884831e+07
7.356422544596421067e+05 9.839573060247305820e-08 1.016304258200066723e+07
7.427982482564910315e+05 9.949221151726564303e-08 1.005103801342743635e+07
7.500238523114664713e+05 1.005976265660762001e-07 9.940592379117051139e+06
7.573197437615479575e+05 1.017120455682527344e-07 9.831677206107916310e+06
7.646866063305975404e+05 1.028355390006767963e-07 9.724264682401467115e+06
7.721251303934328025e+05 1.039681779932009514e-07 9.618327639303205535e+06
7.796360130405237433e+05 1.051100343238183503e-07 9.513839534285034984e+06
7.872199581433199346e+05 1.062611804135654963e-07 9.410774434351550415e+06
7.948776764202114427e+05 1.074216893211526122e-07 9.309106999894183129e+06
8.026098855031403946e+05 1.085916347373193170e-07 9.208812469017315656e+06
8.104173100048351334e+05 1.097710909789158246e-07 9.109866642320917919e+06
8.183006815867389087e+05 1.109601329826990096e-07 9.012245868125634268e+06
8.262607390275591752e+05 1.121588362988496807e-07 8.915927028125345707e+06
8.342982282925081672e+05 1.133672770841992151e-07 8.820887523454304785e+06
8.424139026032094844e+05 1.145855320951702802e-07 8.727105261154949665e+06
8.506085225082844263e+05 1.158136786804180367e-07 8.634558641034528613e+06
8.588828559546258766e+05 1.170517947731827936e-07 8.543226542897107080e+06
8.672376783593635773e+05 1.182999588833333519e-07 8.453088314140442759e+06
8.756737726825403515e+05 1.195582500891118344e-07 8.364123757705199532e+06
8.841919295004659798e+05 1.208267480285710430e-07 8.276313120365840383e+06
8.927929470798302209e+05 1.221055328906952372e-07 8.189637081352950074e+06
9.014776314524917398e+05 1.233946854062115604e-07 8.104076741295870394e+06
9.102467964910225710e+05 1.246942868380780321e-07 8.019613611476455815e+06
9.191012639849777333e+05 1.260044189716501571e-07 7.936229603383916430e+06
9.280418637179076904e+05 1.273251641045203415e-07 7.853907018561600707e+06
9.370694335451208754e+05 1.286566050360242931e-07 7.772628538736868650e+06
9.461848194721991895e+05 1.299988250564146430e-07 7.692377216225125827e+06
9.553888757342890603e+05 1.313519079356911222e-07 7.613136464600059204e+06
9.646824648761422141e+05 1.327159379120908399e-07 7.534890049621514976e+06
9.740664578329562210e+05 1.340909996802267249e-07 7.457622080413660966e+06
9.835417340119908331e+05 1.354771783788758520e-07 7.381317000885546207e+06
9.931091813749800203e+05 1.368745595784076197e-07 7.305959581387052312e+06
1.002769696521346574e+06 1.382832292678531311e-07 7.231534910592886619e+06
1.012524184772223118e+06 1.397032738416074643e-07 7.158028387607997283e+06
1.022373560255303280e+06 1.411347800857586669e-07 7.085425714287883602e+06
1.032318745990485535e+06 1.425778351640449287e-07 7.013712887767133303e+06
1.042360673976403312e+06 1.440325266034312524e-07 6.942876193190220743e+06
1.052500285277732648e+06 1.454989422792963289e-07 6.872902196638816036e+06
1.062738530113414628e+06 1.469771704002373756e-07 6.803777738249239512e+06
1.073076367945679463e+06 1.484672994924740889e-07 6.735489925515150651e+06
1.083514767569973134e+06 1.499694183838587007e-07 6.668026126769526862e+06
1.094054707205743529e+06 1.514836161874765998e-07 6.601373964841167443e+06
1.104697174588110531e+06 1.530099822848437923e-07 6.535521310880210251e+06
1.115443167060442269e+06 1.545486063086887068e-07 6.470456278348076157e+06
1.126293691667794017e+06 1.560995781253108013e-07 6.406167217167223804e+06
1.137249765251314268e+06 1.576629878165257648e-07 6.342642708025498316e+06
1.148312414543511113e+06 1.592389256611736493e-07 6.279871556831437163e+06
1.159482676264482550e+06 1.608274821161971075e-07 6.217842789315725677e+06
1.170761597219069256e+06 1.624287477972831688e-07 6.156545645774696022e+06
1.182150234394951258e+06 1.640428134590613297e-07 6.095969575951957144e+06
1.193649655061714351e+06 1.656697699748528226e-07 6.036104234054233879e+06
1.205260936870841309e+06 1.673097083159684954e-07 5.976939473897566088e+06
1.216985167956739198e+06 1.689627195305507220e-07 5.918465344180178829e+06
1.228823447038672166e+06 1.706288947219517753e-07 5.860672083878580481e+06
1.240776883523764089e+06 1.723083250266464103e-07 5.803550117763353512e+06
1.252846597610937431e+06 1.740011015916734975e-07 5.747090052031332627e+06
1.265033720395903802e+06 1.757073155515996914e-07 5.691282670050988905e+06
1.277339393977160100e+06 1.774270580050060605e-07 5.636118928217730485e+06
1.289764771563015878e+06 1.791604199904879117e-07 5.581589951916235499e+06
1.302311017579678679e+06 1.809074924621640769e-07 5.527687031586849131e+06
1.314979307780346600e+06 1.826683662646945758e-07 5.474401618893090636e+06
1.327770829355431721e+06 1.844431321077981328e-07 5.421725322987619787e+06
1.340686781043774681e+06 1.862318805402706855e-07 5.369649906873815693e+06
1.353728373245021794e+06 1.880347019234926029e-07 5.318167283860609867e+06
1.366896828133026371e+06 1.898516864044280277e-07 5.267269514107810333e+06
1.380193379770397209e+06 1.916829238881118699e-07 5.216948801259493455e+06
1.393619274224143475e+06 1.935285040096136778e-07 5.167197489163272083e+06
1.407175769682445331e+06 1.953885161054831517e-07 5.118008058672887273e+06
1.420864136572578223e+06 1.972630491846689618e-07 5.069373124532025307e+06
1.434685657679936383e+06 1.991521918989075347e-07 5.021285432337164879e+06
1.448641628268291708e+06 2.010560325125797455e-07 4.973737855577308685e+06
1.462733356201129965e+06 2.029746588720344279e-07 4.926723392748505808e+06
1.476962162064259872e+06 2.049081583743693340e-07 4.880235164541323669e+06
1.491329379289537668e+06 2.068566179356698077e-07 4.834266411099254154e+06
1.505836354279841529e+06 2.088201239587102536e-07 4.788810489345982671e+06
1.520484446535245748e+06 2.107987623000993171e-07 4.743860870380114764e+06
1.535275028780421242e+06 2.127926182368831753e-07 4.699411136935156770e+06
1.550209487093292875e+06 2.148017764325918507e-07 4.655454980903360993e+06
1.565289221034900751e+06 2.168263209027366214e-07 4.611986200921507552e+06
1.580515643780601211e+06 2.188663349797478328e-07 4.568998700017214753e+06
1.595890182252465980e+06 2.209219012773598097e-07 4.526486483314003795e+06
1.611414277253019856e+06 2.229931016544328879e-07 4.484443655793784186e+06
1.627089383600260597e+06 2.250800171782224917e-07 4.442864420115009882e+06
1.642916970263991505e+06 2.271827280870801448e-07 4.401743074485379271e+06
1.658898520503499778e+06 2.293013137526007316e-07 4.361074010587338358e+06
1.675035532006522641e+06 2.314358526412030686e-07 4.320851711555289105e+06
1.691329517029650509e+06 2.335864222751515923e-07 4.281070750002996996e+06
1.707782002539991168e+06 2.357530991930157753e-07 4.241725786099974066e+06
1.724394530358320335e+06 2.379359589095705813e-07 4.202811565695531666e+06
1.741168657303530956e+06 2.401350758751342778e-07 4.164322918489347212e+06
1.758105955338547705e+06 2.423505234343458834e-07 4.126254756247330923e+06
1.775208011717635905e+06 2.445823737843893708e-07 4.088602071061531547e+06
1.792476429135147016e+06 2.468306979326572128e-07 4.051359933653105982e+06
1.809912825875729090e+06 2.490955656538621929e-07 4.014523491717144381e+06
1.827518835965942824e+06 2.513770454465954673e-07 3.978087968308339361e+06
1.845296109327447135e+06 2.536752044893351148e-07 3.942048660266445018e+06
1.863246311931559816e+06 2.559901085959114741e-07 3.906400936680455226e+06
1.881371125955437077e+06 2.583218221704241852e-07 3.871140237390645780e+06
1.899672249939675443e+06 2.606704081616261834e-07 3.836262071527350694e+06
1.918151398947507609e+06 2.630359280167643211e-07 3.801762016085749492e+06
1.936810304725521943e+06 2.654184416348975290e-07 3.767635714535514824e+06
1.955650715865947073e+06 2.678180073196842057e-07 3.733878875464627985e+06
1.974674397970539518e+06 2.702346817316495815e-07 3.700487271256423555e+06
1.993883133815998910e+06 2.726685198399408928e-07 3.667456736798989121e+06
2.013278723521096399e+06 2.751195748735681414e-07 3.634783168226224836e+06
2.032862984715323895e+06 2.775878982721510352e-07 3.602462521689566318e+06
2.052637752709252061e+06 2.800735396361642728e-07 3.570490812159806490e+06
2.072604880666519748e+06 2.825765466766957835e-07 3.538864112258154899e+06
2.092766239777499577e+06 2.850969651647278778e-07 3.507578551115772221e+06
2.113123719434654806e+06 2.876348388799489279e-07 3.476630313261090312e+06
2.133679227409595624e+06 2.901902095590951582e-07 3.446015637534309179e+06
2.154434690031886566e+06 2.927631168438475307e-07 3.415730816028218716e+06
2.175392052369520068e+06 2.953535982282818742e-07 3.385772193054812960e+06
2.196553278411258012e+06 2.979616890058847498e-07 3.356136164137027692e+06
2.217920351250634994e+06 3.005874222161533707e-07 3.326819175024884753e+06
2.239495273271823302e+06 3.032308285907788872e-07 3.297817720735567622e+06
2.261280066337279510e+06 3.058919364994348487e-07 3.269128344616719056e+06
2.283276771977215540e+06 3.085707718951786777e-07 3.240747637432424817e+06
2.305487451580940746e+06 3.112673582594836255e-07 3.212672236471272539e+06
2.327914186589990743e+06 3.139817165469032742e-07 3.184898824676047545e+06
2.350559078693256248e+06 3.167138651294045317e-07 3.157424129794301465e+06
2.373424250023866072e+06 3.194638197403533956e-07 3.130244923549581785e+06
2.396511843358130194e+06 3.222315934182019796e-07 3.103358020832456183e+06
2.419824022316292860e+06 3.250171964498699724e-07 3.076760278911082540e+06
2.443362971565319691e+06 3.278206363138370998e-07 3.050448596660815645e+06
2.467130897023623809e+06 3.306419176229829591e-07 3.024419913812191691e+06
2.491130026067785919e+06 3.334810420671676616e-07 2.998671210217060056e+06
2.515362607741315849e+06 3.363380083555926168e-07 2.973199505132206716e+06
2.539830912965360098e+06 3.392128121589398706e-07 2.948001856520221569e+06
2.564537234751597513e+06 3.421054460513357371e-07 2.923075360366937239e+06
2.589483888417040464e+06 3.450158994521252246e-07 2.898417150015316904e+06
2.614673211801092140e+06 3.479441585675136358e-07 2.874024395515075419e+06
2.640107565484572668e+06 3.508902063320657081e-07 2.849894302987891715e+06
2.665789333010967821e+06 3.538540223501083504e-07 2.826024114007626660e+06
2.691720921109790448e+06 3.568355828370411603e-07 2.802411104995315894e+06
2.717904759922120254e+06 3.598348605605974940e-07 2.779052586628405377e+06
2.744343303228368051e+06 3.628518247820512223e-07 2.755945903264108114e+06
2.771039028678167611e+06 3.658864411974293607e-07 2.733088432376230136e+06
2.797994438022641931e+06 3.689386718787255487e-07 2.710477584005375393e+06
2.825212057348790113e+06 3.720084752151642961e-07 2.688110800221996382e+06
2.852694437316245399e+06 3.750958058545140415e-07 2.665985554602184799e+06
2.880444153396297712e+06 3.782006146445066704e-07 2.644099351715648547e+06
2.908463806113254279e+06 3.813228485743724432e-07 2.622449726625709794e+06
2.936756021288140677e+06 3.844624507165256409e-07 2.601034244400960859e+06
2.965323450284770690e+06 3.876193601684233767e-07 2.579850499638338108e+06
2.994168770258246455e+06 3.907935119946390244e-07 2.558896115997233428e+06
3.023294684405776206e+06 3.939848371691664108e-07 2.538168745744463988e+06
3.052703922220086213e+06 3.971932625179955867e-07 2.517666069309755694e+06
3.082399239745143335e+06 4.004187106619991961e-07 2.497385794851426035e+06
3.112383419834465720e+06 4.036610999601269524e-07 2.477325657832222525e+06
3.142659272411905695e+06 4.069203444529954145e-07 2.457483420604724903e+06
3.173229634734972846e+06 4.101963538068552224e-07 2.437856872006373946e+06
3.204097371660756413e+06 4.134890332579996364e-07 2.418443826963706408e+06
3.235265375914326869e+06 4.167982835576386271e-07 2.399242126105615404e+06
3.266736568359924946e+06 4.201240009172802852e-07 2.380249635385371745e+06
3.298513898274578154e+06 4.234660769546486149e-07 2.361464245711223222e+06
3.330600343624588568e+06 4.268243986401685744e-07 2.342883872585370205e+06
3.362998911344536114e+06 4.301988482440794566e-07 2.324506455750982743e+06
3.395712637619100977e+06 4.335893032841798909e-07 2.306329958847226109e+06
3.428744588167588692e+06 4.369956364742781067e-07 2.288352369071906898e+06
3.462097858531224076e+06 4.404177156733489922e-07 2.270571696851732675e+06
3.495775574363278691e+06 4.438554038354773590e-07 2.252985975519782398e+06
3.529780891721910797e+06 4.473085589605860883e-07 2.235593261000206694e+06
3.564116997366035823e+06 4.507770340460208399e-07 2.218391631499815267e+06
3.598787109053855762e+06 4.542606770390196447e-07 2.201379187206430826e+06
3.633794475844513159e+06 4.577593307901004704e-07 2.184554049993875436e+06
3.669142378402493894e+06 4.612728330074269506e-07 2.167914363133323845e+06
3.704834129305106122e+06 4.648010162121714426e-07 2.151458291010968853e+06
3.740873073352904059e+06 4.683437076949392587e-07 2.135184018851729110e+06
3.777262587883137167e+06 4.719007294732820229e-07 2.119089752448915970e+06
3.814006083086288068e+06 4.754718982503488575e-07 2.103173717899670359e+06
3.851107002325568814e+06 4.790570253747169576e-07 2.087434161346037872e+06
3.888568822459721006e+06 4.826559168014418395e-07 2.071869348721537739e+06
3.926395054168756586e+06 4.862683730543849682e-07 2.056477565503028454e+06
3.964589242282997817e+06 4.898941891898373980e-07 2.041257116467844462e+06
4.003154966115265153e+06 4.935331547615125891e-07 2.026206325455935439e+06
4.042095839796301909e+06 4.971850537869333873e-07 2.011323535136971157e+06
4.081415512613506056e+06 5.008496647152607599e-07 1.996607106782256626e+06
4.121117669352828525e+06 5.045267603966151091e-07 1.982055420041321311e+06
4.161206030644211918e+06 5.082161080529301864e-07 1.967666872723071836e+06
4.201684353310129605e+06 5.119174692503911693e-07 1.953439880581367528e+06
4.242556430717777461e+06 5.156305998734845367e-07 1.939372877104967600e+06
4.283826093134470284e+06 5.193552501007350222e-07 1.925464313311626902e+06
4.325497208086634055e+06 5.230911643821383265e-07 1.911712657546364702e+06
4.367573680722232908e+06 5.268380814183705881e-07 1.898116395283665974e+06
4.410059454176732339e+06 5.305957341417836108e-07 1.884674028933643829e+06
4.452958509942660108e+06 5.343638496992711875e-07 1.871384077651920496e+06
4.496274868242635392e+06 5.381421494370109659e-07 1.858245077153260820e+06
4.540012588406248949e+06 5.419303488871508905e-07 1.845255579528791830e+06
4.584175769250333309e+06 5.457281577564844785e-07 1.832414153066701954e+06
4.628768549463215284e+06 5.495352799171460564e-07 1.819719382076380774e+06
4.673795107992463745e+06 5.533514133993852517e-07 1.807169866715860320e+06
4.719259664436561987e+06 5.571762503864342904e-07 1.794764222822565585e+06
4.765166479440331459e+06 5.610094772115712288e-07 1.782501081747098593e+06
4.811519855094200931e+06 5.648507743573432232e-07 1.770379090190229705e+06
4.858324135337422602e+06 5.686998164570615438e-07 1.758396910042792093e+06
4.905583706365045160e+06 5.725562722985638831e-07 1.746553218228552258e+06
4.953302997039113194e+06 5.764198048303150047e-07 1.734846706549885916e+06
5.001486479303549044e+06 5.802900711698602381e-07 1.723276081536269980e+06
5.050138668603383005e+06 5.841667226147032876e-07 1.711840064295422519e+06
5.099264124307808466e+06 5.880494046556112139e-07 1.700537390367134241e+06
5.148867450137497857e+06 5.919377569924220809e-07 1.689366809579612454e+06
5.198953294596029446e+06 5.958314135523580194e-07 1.678327085908380337e+06
5.249526351405502297e+06 5.997300025109126365e-07 1.667416997337571345e+06
5.300591359946457669e+06 6.036331463153323566e-07 1.656635335723610595e+06
5.352153105701899156e+06 6.075404617107209185e-07 1.645980906661238754e+06
5.404216420705915429e+06 6.114515597688227192e-07 1.635452529351759935e+06
5.456786183996382169e+06 6.153660459194984527e-07 1.625049036473518703e+06
5.509867322072253563e+06 6.192835199849355002e-07 1.614769274054516805e+06
5.563464809355226345e+06 6.232035762166213412e-07 1.604612101347131422e+06
5.617583668655902147e+06 6.271258033351224448e-07 1.594576390704851365e+06
5.672228971644549631e+06 6.310497845726678981e-07 1.584661027461052872e+06
5.727405839326260611e+06 6.349750977186026761e-07 1.574864909809679957e+06
5.783119442521032877e+06 6.389013151677133069e-07 1.565186948687838158e+06
5.839375002348160371e+06 6.428280039714538833e-07 1.555626067660249537e+06
5.896177790715694427e+06 6.467547258921110664e-07 1.546181202805491164e+06
5.953533130814369768e+06 6.506810374599184592e-07 1.536851302604003344e+06
6.011446397616513073e+06 6.546064900331239474e-07 1.527635327827866189e+06
6.069923018379741348e+06 6.585306298610884664e-07 1.518532251432164339e+06
6.128968473155557178e+06 6.624529981503595470e-07 1.509541058448083466e+06
6.188588295302966610e+06 6.663731311337989452e-07 1.500660745877542300e+06
6.248788072006887756e+06 6.702905601427328025e-07 1.491890322589442832e+06
6.309573444801942445e+06 6.742048116821751600e-07 1.483228809217408765e+06
6.370950110100935213e+06 6.781154075091172014e-07 1.474675238059024559e+06
6.432923819728876464e+06 6.820218647138823331e-07 1.466228652976563899e+06
6.495500381461868994e+06 6.859236958045959087e-07 1.457888109299080679e+06
6.558685659571435302e+06 6.898204087947103092e-07 1.449652673725979403e+06
6.622485575374069624e+06 6.937115072936693370e-07 1.441521424231859157e+06
6.686906107786130160e+06 6.975964906006480822e-07 1.433493449972741073e+06
6.751953293884212151e+06 7.014748538013987519e-07 1.425567851193593349e+06
6.817633229470755905e+06 7.053460878682082876e-07 1.417743739137101220e+06
6.883952069645496085e+06 7.092096797629389697e-07 1.410020235953717958e+06
6.950916029382126406e+06 7.130651125431785872e-07 1.402396474612893770e+06
7.018531384110795334e+06 7.169118654714605709e-07 1.394871598815529374e+06
7.086804470306189731e+06 7.207494141275662692e-07 1.387444762907582335e+06
7.155741686081341468e+06 7.245772305239027994e-07 1.380115131794789806e+06
7.225349491787221283e+06 7.283947832239056543e-07 1.372881880858561955e+06
7.295634410618146881e+06 7.322015374635128620e-07 1.365744195872891229e+06
7.366603029223167337e+06 7.359969552756147719e-07 1.358701272922415519e+06
7.438261998323155567e+06 7.397804956175415131e-07 1.351752318321445957e+06
7.510618033334286883e+06 7.435516145014866928e-07 1.344896548534090398e+06
7.583677914997190237e+06 7.473097651279139203e-07 1.338133190095320344e+06
7.657448490012479946e+06 7.510543980218562668e-07 1.331461479533070000e+06
7.731936671682362445e+06 7.547849611721318479e-07 1.324880663291257340e+06
7.807149440558491275e+06 7.585009001734018369e-07 1.318389997653778410e+06
7.883093845096224919e+06 7.622016583710644497e-07 1.311988748669407330e+06
7.959777002314977348e+06 7.658866770089315396e-07 1.305676192077615066e+06
8.037206098465429619e+06 7.695553953796662014e-07 1.299451613235252677e+06
8.115388389702713117e+06 7.732072509779101289e-07 1.293314307044139598e+06
8.194331202766655944e+06 7.768416796560996664e-07 1.287263577879459830e+06
8.274041935668218881e+06 7.804581157828801342e-07 1.281298739519027993e+06
8.354528058382871561e+06 7.840559924040996865e-07 1.275419115073357709e+06
8.435797113550610840e+06 7.876347414063107051e-07 1.269624036916546058e+06
8.517856717182794586e+06 7.911937936827632693e-07 1.263912846617904026e+06
8.600714559375951067e+06 7.947325793017657659e-07 1.258284894874421181e+06
8.684378405032249168e+06 7.982505276774409075e-07 1.252739541443914408e+06
8.768856094587445259e+06 8.017470677427292480e-07 1.247276155078982702e+06
8.854155544745348394e+06 8.052216281246549101e-07 1.241894113461631583e+06
8.940284749219998717e+06 8.086736373217236133e-07 1.236592803138652118e+06
9.027251779484577477e+06 8.121025238834329900e-07 1.231371619457664900e+06
9.115064785527916625e+06 8.155077165918066749e-07 1.226229966503847158e+06
9.203731996618229896e+06 8.188886446448494655e-07 1.221167257037369534e+06
9.293261722074305639e+06 8.222447378419249290e-07 1.216182912431417964e+06
9.383662352044282481e+06 8.255754267708879570e-07 1.211276362610921031e+06
9.474942358291719109e+06 8.288801429969570182e-07 1.206447045991872903e+06
9.567110294989774004e+06 8.321583192532253156e-07 1.201694409421268618e+06
9.660174799522645772e+06 8.354093896327186245e-07 1.197017908117650310e+06
9.754144593295099214e+06 8.386327897819228398e-07 1.192417005612240406e+06
9.849028482549766079e+06 8.418279570956914450e-07 1.187891173690646421e+06
9.944835359192388132e+06 8.449943309134421653e-07 1.183439892335130833e+06
1.004157420162520558e+07 8.481313527165559847e-07 1.179062649667425081e+06
1.013925407558814250e+07 8.512384663268738112e-07 1.174758941892085597e+06
1.023788413500868343e+07 8.543151181061986765e-07 1.170528273240379989e+06
1.033747362285939790e+07 8.573607571567244834e-07 1.166370155914660310e+06
1.043803187202444114e+07 8.603748355222567291e-07 1.162284110033261590e+06
1.053956830617394485e+07 8.633568083901518306e-07 1.158269663575872313e+06
1.064209244064724632e+07 8.663061342938670546e-07 1.154326352329373593e+06
1.074561388334457949e+07 8.692222753159926203e-07 1.150453719834164483e+06
1.085014233562744968e+07 8.721046972917189666e-07 1.146651317330882419e+06
1.095568759322788939e+07 8.749528700125411877e-07 1.142918703707625391e+06
1.106225954716620781e+07 8.777662674301899441e-07 1.139255445447533624e+06
1.116986818467824906e+07 8.805443678606027140e-07 1.135661116576817585e+06
1.127852359015096910e+07 8.832866541878576693e-07 1.132135298613172257e+06
1.138823594606782123e+07 8.859926140679630260e-07 1.128677580514561385e+06
1.149901553396274336e+07 8.886617401323645451e-07 1.125287558628384024e+06
1.161087273538378999e+07 8.912935301910755743e-07 1.121964836640988477e+06
1.172381803286599740e+07 8.938874874353021518e-07 1.118709025527531048e+06
1.183786201091372408e+07 8.964431206394575055e-07 1.115519743502156110e+06
1.195301535699267127e+07 8.989599443624335988e-07 1.112396615968497703e+06
1.206928886253118701e+07 9.014374791480326306e-07 1.109339275470464025e+06
1.218669342393193021e+07 9.038752517244063426e-07 1.106347361643332522e+06
1.230524004359261505e+07 9.062727952024320889e-07 1.103420521165078506e+06
1.242493983093746565e+07 9.086296492728508601e-07 1.100558407707992010e+06
1.254580400345803238e+07 9.109453604020910310e-07 1.097760681890514679e+06
1.266784388776455820e+07 9.132194820266441042e-07 1.095027011229293887e+06
1.279107092064741068e+07 9.154515747458443272e-07 1.092357070091477828e+06
1.291549665014882758e+07 9.176412065129882304e-07 1.089750539647160098e+06
1.304113273664526641e+07 9.197879528246225616e-07 1.087207107822025893e+06
1.316799095393984951e+07 9.218913969079072333e-07 1.084726469250146765e+06
1.329608319036608934e+07 9.239511299059196614e-07 1.082308325226923916e+06
1.342542144990170561e+07 9.259667510607877356e-07 1.079952383662156062e+06
1.355601785329368897e+07 9.279378678945452236e-07 1.077658359033197863e+06
1.368788463919415325e+07 9.298640963875607440e-07 1.075425972338227788e+06
1.382103416530722938e+07 9.317450611544495684e-07 1.073254951049572788e+06
1.395547890954730473e+07 9.335803956173337877e-07 1.071145029067096068e+06
1.409123147120804153e+07 9.353697421763581966e-07 1.069095946671595564e+06
1.422830457214354910e+07 9.371127523773103852e-07 1.067107450478242245e+06
1.436671105796011724e+07 9.388090870762729318e-07 1.065179293389983708e+06
1.450646389922046848e+07 9.404584166011581986e-07 1.063311234550940339e+06
1.464757619265895151e+07 9.420604209100336114e-07 1.061503039299747441e+06
1.479006116240903176e+07 9.436147897461466894e-07 1.059754479122801917e+06
1.493393216124253348e+07 9.451212227894805205e-07 1.058065331607460277e+06
1.507920267182095721e+07 9.465794298048000861e-07 1.056435380395088578e+06
1.522588630795913190e+07 9.479891307860598376e-07 1.054864415133972652e+06
1.537399681590067968e+07 9.493500560970418703e-07 1.053352231432091212e+06
1.552354807560668699e+07 9.506619466081734502e-07 1.051898630809677066e+06
1.567455410205595009e+07 9.519245538293825430e-07 1.050503420651584864e+06
1.582702904655883275e+07 9.531376400389308907e-07 1.049166414159402018e+06
1.598098719808309525e+07 9.543009784080831789e-07 1.047887430303330184e+06
1.613644298459311575e+07 9.554143531215774627e-07 1.046666293773743440e+06
1.629341097440196574e+07 9.564775594937548662e-07 1.045502834932458587e+06
1.645190587753660791e+07 9.574904040803064155e-07 1.044396889763636980e+06
1.661194254711660929e+07 9.584527047855074101e-07 1.043348299824340735e+06
1.677353598074569739e+07 9.593642909649015326e-07 1.042356912194666103e+06
1.693670132191772014e+07 9.602250035233197138e-07 1.041422579427462537e+06
1.710145386143542081e+07 9.610346950081810227e-07 1.040545159497584333e+06
1.726780903884356096e+07 9.617932296979951166e-07 1.039724515750648337e+06
1.743578244387577847e+07 9.625004836859914976e-07 1.038960516851275112e+06
1.760538981791556627e+07 9.631563449588184026e-07 1.038253036730767577e+06
1.777664705547144637e+07 9.637607134702456810e-07 1.037601954534197925e+06
1.794957020566646382e+07 9.643135012097890752e-07 1.037007154566891491e+06
1.812417547374239564e+07 9.648146322662508202e-07 1.036468526240219246e+06
1.830047922257798910e+07 9.652640428860607319e-07 1.035985964016728103e+06
1.847849797422290593e+07 9.656616815264120665e-07 1.035559367354526883e+06
1.865824841144566238e+07 9.660075089031343403e-07 1.035188640650902293e+06
1.883974737929719314e+07 9.663014980332580057e-07 1.034873693185128621e+06
1.902301188668945804e+07 9.665436342722097854e-07 1.034614439060459263e+06
1.920805910798933357e+07 9.667339153456714878e-07 1.034410797145182965e+06
1.939490638462830707e+07 9.668723513759701650e-07 1.034262691012816154e+06
1.958357122672715038e+07 9.669589649030692837e-07 1.034170048881280934e+06
1.977407131473746523e+07 9.669937909000768395e-07 1.034132803551097400e+06
1.996642450109793246e+07 9.669768767832676624e-07 1.034150892342520878e+06
2.016064881190793589e+07 9.669082824166063612e-07 1.034224257031584275e+06
2.035676244861640036e+07 9.667880801107645532e-07 1.034352843784990022e+06
2.055478378972772509e+07 9.666163546165993463e-07 1.034536603093832382e+06
2.075473139252405614e+07 9.663932031131222942e-07 1.034775489706071443e+06
2.095662399480430782e+07 9.661187351899503564e-07 1.035069462557713734e+06
2.116048051664036512e+07 9.657930728241984157e-07 1.035418484702704241e+06
2.136632006214968115e+07 9.654163503519101277e-07 1.035822523241380462e+06
2.157416192128623649e+07 9.649887144339443038e-07 1.036281549247540301e+06
2.178402557164756581e+07 9.645103240164040731e-07 1.036795537693998078e+06
2.199593068030074611e+07 9.639813502855912471e-07 1.037364467376612360e+06
2.220989710562497377e+07 9.634019766175146849e-07 1.037988320836729254e+06
2.242594489917278290e+07 9.627723985220134365e-07 1.038667084281950840e+06
2.264409430754909664e+07 9.620928235814573912e-07 1.039400747505246545e+06
2.286436577430858836e+07 9.613634713841575709e-07 1.040189303802248789e+06
2.308677994187172130e+07 9.605845734524242338e-07 1.041032749886783306e+06
2.331135765345872566e+07 9.597563731654068317e-07 1.041931085804477916e+06
2.353811995504354313e+07 9.588791256766954916e-07 1.042884314844464650e+06
2.376708809732560813e+07 9.579530978267977368e-07 1.043892443449047278e+06
2.399828353772154823e+07 9.569785680504703296e-07 1.044955481121350196e+06
2.423172794237600639e+07 9.559558262790606075e-07 1.046073440330790007e+06
2.446744318819203228e+07 9.548851738378185615e-07 1.047246336416407605e+06
2.470545136488126218e+07 9.537669233383488512e-07 1.048474187487890013e+06
2.494577477703395858e+07 9.526013985661820037e-07 1.049757014324312797e+06
2.518843594620952010e+07 9.513889343636038172e-07 1.051094840270465007e+06
2.543345761304648221e+07 9.501298765078021534e-07 1.052487691130706575e+06
2.568086273939435184e+07 9.488245815843796140e-07 1.053935595060328254e+06
2.593067451046487316e+07 9.474734168563859415e-07 1.055438582454262068e+06
2.618291633700505272e+07 9.460767601288903680e-07 1.056996685833148658e+06
2.643761185749101266e+07 9.446349996092238260e-07 1.058609939726645360e+06
2.669478494034318253e+07 9.431485337629750888e-07 1.060278380553907948e+06
2.695445968616336212e+07 9.416177711658390964e-07 1.062002046501178993e+06
2.721666042999269068e+07 9.400431303514249344e-07 1.063780977396389004e+06
2.748141174359295890e+07 9.384250396551092275e-07 1.065615214580720058e+06
2.774873843774846941e+07 9.367639370540615797e-07 1.067504800777027616e+06
2.801866556459195167e+07 9.350602700035384106e-07 1.069449779955056729e+06
2.829121841995168850e+07 9.333144952695754197e-07 1.071450197193351574e+06
2.856642254572233930e+07 9.315270787581581930e-07 1.073506098537816899e+06
2.884430373225852102e+07 9.296984953410254307e-07 1.075617530856804457e+06
2.912488802079165354e+07 9.278292286782058039e-07 1.077784541692666244e+06
2.940820170587066561e+07 9.259197710374031074e-07 1.080007179109694669e+06
2.969427133782549948e+07 9.239706231103795281e-07 1.082285491538336268e+06
2.998312372525613010e+07 9.219822938264268137e-07 1.084619527615636587e+06
3.027478593754393607e+07 9.199553001630853258e-07 1.087009336021787953e+06
3.056928530738937110e+07 9.178901669542209853e-07 1.089454965312722605e+06
3.086664943337274343e+07 9.157874266956044238e-07 1.091956463748641079e+06
3.116690618254088238e+07 9.136476193480954664e-07 1.094513879118426936e+06
3.147008369301859289e+07 9.114712921386262824e-07 1.097127258559789276e+06
3.177621037664550915e+07 9.092589993590460951e-07 1.099796648375126300e+06
3.208531492163900658e+07 9.070113021630136927e-07 1.102522093842964852e+06
3.239742629528195411e+07 9.047287683610734761e-07 1.105303639024888631e+06
3.271257374663825333e+07 9.024119722140159489e-07 1.108141326567905955e+06
3.303078680929315090e+07 9.000614942247032765e-07 1.111035197502123890e+06
3.335209530412127078e+07 8.976779209284897242e-07 1.113985291033643996e+06
3.367652934208115935e+07 8.952618446823542870e-07 1.116991644332622644e+06
3.400411932703702897e+07 8.928138634529220125e-07 1.120054292316362495e+06
3.433489595860834420e+07 8.903345806034931309e-07 1.123173267427367158e+06
3.466889023504605889e+07 8.878246046802232453e-07 1.126348599406275898e+06
3.500613345613857359e+07 8.852845491976135089e-07 1.129580315059558954e+06
3.534665722614387423e+07 8.827150324234273601e-07 1.132868438021923881e+06
3.569049345675229281e+07 8.801166771631957056e-07 1.136212988513311371e+06
3.603767437007633597e+07 8.774901105444532768e-07 1.139613983090400230e+06
3.638823250167062134e+07 8.748359638008250609e-07 1.143071434392552357e+06
3.674220070358090848e+07 8.721548720561375079e-07 1.146585350882077590e+06
3.709961214742263407e+07 8.694474741086637811e-07 1.150155736578768585e+06
3.746050032748996466e+07 8.667144122156645147e-07 1.153782590788590722e+06
3.782489906389382482e+07 8.639563318783539958e-07 1.157465907826462993e+06
3.819284250573240966e+07 8.611738816274262332e-07 1.161205676733046537e+06
3.856436513429023325e+07 8.583677128092977234e-07 1.165001880985437892e+06
3.893950176627063006e+07 8.555384793731695083e-07 1.168854498201733222e+06
3.931828755705770105e+07 8.526868376590849208e-07 1.172763499839331023e+06
3.970075800401124358e+07 8.498134461870795787e-07 1.176728850886948640e+06
4.008694894979323447e+07 8.469189654475800117e-07 1.180750509550249204e+06
4.047689658572672307e+07 8.440040576931747990e-07 1.184828426931017311e+06
4.087063745518784225e+07 8.410693867318756379e-07 1.188962546699835919e+06
4.126820845702952147e+07 8.381156177220324563e-07 1.193152804762144107e+06
4.166964684904061258e+07 8.351434169689718132e-07 1.197399128917702008e+06
4.207499025143618882e+07 8.321534517235512883e-07 1.201701438513300614e+06
4.248427665038425475e+07 8.291463899826822696e-07 1.206059644088767236e+06
4.289754440156466514e+07 8.261229002920093938e-07 1.210473647016116185e+06
4.331483223376403004e+07 8.230836515507894124e-07 1.214943339131908026e+06
4.373617925250496715e+07 8.200293128191752088e-07 1.219468602362645324e+06
4.416162494371080399e+07 8.169605531279510223e-07 1.224049308343265438e+06
4.459120917740633339e+07 8.138780412908352412e-07 1.228685318028693553e+06
4.502497221145322919e+07 8.107824457195162531e-07 1.233376481298340950e+06
4.546295469532399625e+07 8.076744342414571403e-07 1.238122636553636985e+06
4.590519767391037196e+07 8.045546739206249683e-07 1.242923610308498610e+06
4.635174259137027711e+07 8.014238308812247116e-07 1.247779216772760730e+06
4.680263129501155764e+07 7.982825701345486730e-07 1.252689257428547367e+06
4.725790603921357542e+07 7.951315554090303338e-07 1.257653520599596435e+06
4.771760948938750476e+07 7.919714489836026919e-07 1.262671781013540458e+06
4.818178472597358376e+07 7.888029115244464255e-07 1.267743799357170705e+06
4.865047524847977608e+07 7.856266019252462554e-07 1.272869321824659593e+06
4.912372497955673933e+07 7.824431771509918226e-07 1.278048079658857081e+06
4.960157826911540329e+07 7.792532920854539481e-07 1.283279788685626350e+06
5.008407989848212153e+07 7.760575993824107070e-07 1.288564148841276066e+06
5.057127508459573239e+07 7.728567493206627048e-07 1.293900843693213537e+06
5.106320948424492776e+07 7.696513896629865273e-07 1.299289539953768020e+06
5.155992919834680855e+07 7.664421655190261532e-07 1.304729886987377657e+06
5.206148077626767755e+07 7.632297192122405945e-07 1.310221516311156331e+06
5.256791122018419206e+07 7.600146901509658950e-07 1.315764041088948725e+06
5.307926798948970437e+07 7.567977147036501412e-07 1.321357055618995801e+06
5.359559900524011254e+07 7.535794260783335915e-07 1.327000134815319674e+06
5.411695265464637429e+07 7.503604542064214622e-07 1.332692833682975033e+06
5.464337779560780525e+07 7.471414256308350266e-07 1.338434686787268613e+06
5.517492376129128784e+07 7.439229633985606150e-07 1.344225207717166282e+06
5.571164036475436389e+07 7.407056869576767728e-07 1.350063888543006498e+06
5.625357790361324698e+07 7.374902120589012911e-07 1.355950199268722907e+06
5.680078716475700587e+07 7.342771506617084045e-07 1.361883587278768187e+06
5.735331942910566181e+07 7.310671108450525772e-07 1.367863476779968245e+06
5.791122647641758621e+07 7.278606967227507585e-07 1.373889268238520715e+06
5.847456059014062583e+07 7.246585083635729771e-07 1.379960337812364101e+06
5.904337456231242418e+07 7.214611417160587435e-07 1.386076036779211834e+06
5.961772169850755483e+07 7.182691885381010838e-07 1.392235690960526699e+06
6.019765582283303887e+07 7.150832363313620491e-07 1.398438600141663104e+06
6.078323128297236562e+07 7.119038682804899487e-07 1.404684037488612579e+06
6.137450295527846366e+07 7.087316631972504334e-07 1.410971248961520381e+06
6.197152624991704524e+07 7.055671954695103364e-07 1.417299452725495910e+06
6.257435711605783552e+07 7.024110350151823743e-07 1.423667838558922056e+06
6.318305204711957276e+07 6.992637472410899449e-07 1.430075567259778269e+06
6.379766808606282622e+07 6.961258930068199965e-07 1.436521770050295861e+06
6.441826283073628694e+07 6.929980285935581442e-07 1.443005547980422620e+06
6.504489443927437067e+07 6.898807056779404454e-07 1.449525971330518369e+06
6.567762163554729521e+07 6.867744713109245866e-07 1.456082079013779061e+06
6.631650371466494352e+07 6.836798679017126683e-07 1.462672877978852950e+06
6.696160054853215069e+07 6.805974332067430593e-07 1.469297342613152228e+06
6.761297259146156907e+07 6.775277003237321551e-07 1.475954414147474803e+06
6.827068088583682477e+07 6.744711976908275564e-07 1.482643000062387204e+06
6.893478706783510745e+07 6.714284490908463048e-07 1.489361973497040337e+06
6.960535337320181727e+07 6.683999736606351260e-07 1.496110172660969198e+06
7.028244264308352768e+07 6.653862859055354233e-07 1.502886400249568047e+06
7.096611832991698384e+07 6.623878957189901842e-07 1.509689422863846412e+06
7.165644450337524712e+07 6.594053084072987306e-07 1.516517970435148804e+06
7.235348585637265444e+07 6.564390247194962291e-07 1.523370735655625118e+06
7.305730771112585068e+07 6.534895408824195844e-07 1.530246373415067326e+06
7.376797602527745068e+07 6.505573486409103764e-07 1.537143500245006522e+06
7.448555739807493985e+07 6.476429353032272604e-07 1.544060693770709680e+06
7.521011907661405206e+07 6.447467837916062114e-07 1.550996492172061931e+06
7.594172896213914454e+07 6.418693726980408193e-07 1.557949393654021667e+06
7.668045561640717089e+07 6.390111763452631563e-07 1.564917855927595869e+06
7.742636826811277866e+07 6.361726648529143077e-07 1.571900295702274656e+06
7.817953681937569380e+07 6.333543042089759311e-07 1.578895088190715062e+06
7.894003185229241848e+07 6.305565563464016448e-07 1.585900566626796732e+06
7.970792463554885983e+07 6.277798792250294548e-07 1.592915021797866793e+06
8.048328713110151887e+07 6.250247269187428215e-07 1.599936701592297526e+06
8.126619200091946125e+07 6.222915497079072594e-07 1.606963810563364532e+06
8.205671261379453540e+07 6.195807941771194216e-07 1.613994509510458214e+06
8.285492305221690238e+07 6.168929033182641159e-07 1.621026915078783641e+06
8.366089811931756139e+07 6.142283166389082643e-07 1.628059099378641229e+06
8.447471334587836266e+07 6.115874702760636746e-07 1.635089089625415858e+06
8.529644499741016328e+07 6.089707971153280477e-07 1.642114867801482091e+06
8.612617008130076528e+07 6.063787269154586428e-07 1.649134370341161732e+06
8.696396635402962565e+07 6.038116864383651529e-07 1.656145487840067130e+06
8.780991232845717669e+07 6.012700995846219535e-07 1.663146064789907774e+06
8.866408728118062019e+07 5.987543875344586424e-07 1.670133899340235861e+06
8.952657125996400416e+07 5.962649688943491497e-07 1.677106743088218616e+06
9.039744509123975039e+07 5.938022598491708308e-07 1.684062300897954963e+06
9.127679038768288493e+07 5.913666743200340211e-07 1.690998230750525836e+06
9.216468955586022139e+07 5.889586241278252515e-07 1.697912143626177683e+06
9.306122580395093560e+07 5.865785191624790544e-07 1.704801603420130443e+06
9.396648314954710007e+07 5.842267675581151535e-07 1.711664126893203938e+06
9.488054642752423882e+07 5.819037758740217711e-07 1.718497183658923721e+06
9.580350129799436033e+07 5.796099492816387862e-07 1.725298196208307520e+06
9.673543425433138013e+07 5.773456917575432856e-07 1.732064539973999839e+06
9.767643263127766550e+07 5.751114062825836223e-07 1.738793543435035739e+06
9.862658461312830448e+07 5.729074950471962839e-07 1.745482488263868261e+06
9.958597924199496210e+07 5.707343596630487214e-07 1.752128609517012257e+06
1.005547064261513650e+08 5.685924013810604417e-07 1.758729095870941645e+06
1.015328569484566003e+08 5.664820213159709237e-07 1.765281089904568158e+06
1.025205224748654962e+08 5.644036206774912038e-07 1.771781688430052018e+06
1.035177955630176216e+08 5.623576010082502538e-07 1.778227942873184802e+06
1.045247696709104180e+08 5.603443644285950201e-07 1.784616859705083305e+06
1.055415391656582803e+08 5.583643138884195661e-07 1.790945400926597416e+06
1.065681993323368579e+08 5.564178534261717591e-07 1.797210484606933780e+06
1.076048463829117864e+08 5.545053884351773702e-07 1.803408985478058690e+06
1.086515774652541727e+08 5.526273259374692028e-07 1.809537735586299561e+06
1.097084906722454131e+08 5.507840748652773166e-07 1.815593525002700277e+06
1.107756850509708673e+08 5.489760463503841651e-07 1.821573102593532065e+06
1.118532606120004803e+08 5.472036540215520616e-07 1.827473176852386678e+06
1.129413183387620896e+08 5.454673143101837010e-07 1.833290416795429075e+06
1.140399601970035434e+08 5.437674467645108198e-07 1.839021452920975629e+06
1.151492891443491429e+08 5.421044743724907792e-07 1.844662878234943375e+06
1.162694091399491727e+08 5.404788238936720620e-07 1.850211249343469506e+06
1.174004251542213112e+08 5.388909262002975112e-07 1.855663087613977259e+06
1.185424431786863953e+08 5.373412166279300182e-07 1.861014880405922187e+06
1.196955702359045297e+08 5.358301353358545601e-07 1.866263082372563891e+06
1.208599143895007521e+08 5.343581276776063040e-07 1.871404116834784858e+06
1.220355847542954534e+08 5.329256445819255804e-07 1.876434377228157595e+06
1.232226915065284371e+08 5.315331429444637174e-07 1.881350228624376236e+06
1.244213458941829801e+08 5.301810860306331804e-07 1.886148009327932494e+06
1.256316602474121451e+08 5.288699438899615849e-07 1.890824032549036900e+06
1.268537479890667945e+08 5.276001937823240752e-07 1.895374588153728750e+06
1.280877236453237534e+08 5.263723206165000327e-07 1.899795944491868140e+06
1.293337028564169407e+08 5.251868174014931944e-07 1.904084350303718820e+06
1.305918023874780536e+08 5.240441857110198509e-07 1.908236036705962615e+06
1.318621401394748539e+08 5.229449361617446020e-07 1.912247219257333782e+06
1.331448351602637619e+08 5.218895889056556320e-07 1.916114100104753394e+06
1.344400076557447016e+08 5.208786741372340517e-07 1.919832870209874585e+06
1.357477790011249483e+08 5.199127326158438926e-07 1.923399711656774860e+06
1.370682717522946298e+08 5.189923162040625199e-07 1.926810800040458096e+06
1.384016096573130190e+08 5.181179884224595789e-07 1.930062306936594192e+06
1.397479176680037975e+08 5.172903250215324870e-07 1.933150402452190407e+06
1.411073219516658187e+08 5.165099145714719701e-07 1.936071257856997196e+06
1.424799499028949440e+08 5.157773590704294450e-07 1.938821048295472050e+06
1.438659301555238366e+08 5.150932745720886004e-07 1.941395955578619149e+06
1.452653925946778357e+08 5.144582918332942947e-07 1.943792171055221697e+06
1.466784683689457774e+08 5.138730569825491692e-07 1.946005898561752168e+06
1.481052899026692808e+08 5.133382322102843020e-07 1.948033357449906878e+06
1.495459909083537757e+08 5.128544964817742288e-07 1.949870785690845223e+06
1.510007063992004693e+08 5.124225462736519959e-07 1.951514443054900505e+06
1.524695727017569840e+08 5.120430963350439671e-07 1.952960614365303889e+06
1.539527274686944485e+08 5.117168804743302352e-07 1.954205612824539188e+06
1.554503096917053461e+08 5.114446523726820755e-07 1.955245783411408076e+06
1.569624597145302296e+08 5.112271864254831936e-07 1.956077506347093731e+06
1.584893192461110950e+08 5.110652786128500491e-07 1.956697200628131861e+06
