1.000000000000000000e+04 1.134540490528556421e-09 8.814141128926327229e+08
1.009727545900835685e+04 1.188358184893711530e-09 8.414971283169487715e+08
1.019549716950924449e+04 1.244445201422540859e-09 8.035709397704998255e+08
1.029467433620748670e+04 1.302883836922606359e-09 7.675281338680094481e+08
1.039481625334710043e+04 1.363758802658217156e-09 7.332674942598469257e+08
1.049593230558226605e+04 1.427157273658180306e-09 7.006936225302881002e+08
1.059803196885688340e+04 1.493168938312822822e-09 6.697165835300127268e+08
1.070112481129246225e+04 1.561886048239083284e-09 6.402515734918239117e+08
1.080522049408488238e+04 1.633403468391388599e-09 6.122186093952780962e+08
1.091032877240974449e+04 1.707818727395855241e-09 5.855422381535987854e+08
1.101645949633656892e+04 1.785232068084349547e-09 5.601512642964419127e+08
1.112362261175188178e+04 1.865746498204852443e-09 5.359784949145880938e+08
1.123182816129124876e+04 1.949467841283363466e-09 5.129605007188450098e+08
1.134108628528053305e+04 2.036504787612844211e-09 4.910373921448928714e+08
1.145140722268591526e+04 2.126968945343280267e-09 4.701526095100584626e+08
1.156280131207375416e+04 2.220974891647258743e-09 4.502527262963865995e+08
1.167527899257919489e+04 2.318640223934149075e-09 4.312872646982944012e+08
1.178885080488457243e+04 2.420085611086544904e-09 4.132085226319866776e+08
1.190352739220719195e+04 2.525434844690579452e-09 3.959714114590517879e+08
1.201931950129674260e+04 2.634814890233315381e-09 3.795333037272493243e+08
1.213623798344241732e+04 2.748355938237978651e-09 3.638538902792621255e+08
1.225429379548979523e+04 2.866191455308895269e-09 3.488950461239261627e+08
1.237349800086777395e+04 2.988458235056787948e-09 3.346207045055115223e+08
1.249386177062508978e+04 3.115296448874961463e-09 3.209967386446107626e+08
1.261539638447754260e+04 3.246849696536812447e-09 3.079908506595270038e+08
1.273811323186478512e+04 3.383265056584213866e-09 2.955724672100070119e+08
1.286202381301779315e+04 3.524693136476729319e-09 2.837126414356729984e+08
1.298713974003656585e+04 3.671288122470731772e-09 2.723839607900379896e+08
1.311347273797833986e+04 3.823207829197610120e-09 2.615604603974337280e+08
1.324103464595638252e+04 3.980613748910138594e-09 2.512175415848353207e+08
1.336983741824945173e+04 4.143671100365298635e-09 2.413318952635603249e+08
1.349989312542218613e+04 4.312548877312569534e-09 2.318814298571301699e+08
1.363121395545610721e+04 4.487419896555814904e-09 2.228452034915475845e+08
1.376381221489191921e+04 4.668460845557014912e-09 2.142033601827682555e+08
1.389770032998276474e+04 4.855852329550458952e-09 2.059370697734082937e+08
1.403289084785873092e+04 5.049778918135027895e-09 1.980284713868854940e+08
1.416939643770269504e+04 5.250429191313264556e-09 1.904606201821521521e+08
1.430722989193755711e+04 5.457995784945040995e-09 1.832174372062233984e+08
1.444640412742521949e+04 5.672675435584303770e-09 1.762836621547336578e+08
1.458693218667674046e+04 5.894669024666834783e-09 1.696448088629572690e+08
1.472882723907501713e+04 6.124181622017888514e-09 1.632871233610646427e+08
1.487210258210860047e+04 6.361422528647769017e-09 1.571975443380220532e+08
1.501677164261799953e+04 6.606605318804264553e-09 1.513636658684177101e+08
1.516284797805393464e+04 6.859947881250862668e-09 1.457737022657462358e+08
1.531034527774784874e+04 7.121672459739444388e-09 1.404164549343211949e+08
1.545927736419478606e+04 7.392005692647392819e-09 1.352812811000227034e+08
1.560965819434870900e+04 7.671178651748034009e-09 1.303580643076445162e+08
1.576150186093062621e+04 7.959426880085035247e-09 1.256371865796091557e+08
1.591482259374890418e+04 8.256990428920174123e-09 1.211095021374243051e+08
1.606963476103325411e+04 8.564113893726195408e-09 1.167663125933634490e+08
1.622595287078087131e+04 8.881046449194548760e-09 1.125993435256374776e+08
1.638379157211618985e+04 9.208041883230372811e-09 1.086007223556610495e+08
1.654316565666367751e+04 9.545358629906383117e-09 1.047629574510609508e+08
1.670409005993400206e+04 9.893259801347735045e-09 1.010789183827733397e+08
1.686657986272370545e+04 1.025201321852097161e-08 9.754181726896631718e+07
1.703065029252842578e+04 1.062189144090086443e-08 9.414519114264154434e+07
1.719631672497011459e+04 1.100317179498834047e-08 9.088288528363013268e+07
1.736359468523753458e+04 1.139613640165466769e-08 8.774903745929230750e+07
1.753249984954169122e+04 1.180107220228734707e-08 8.473806302161042392e+07
1.770304804658450303e+04 1.221827098371238954e-08 8.184464081153982878e+07
1.787525525904235474e+04 1.264802940187100440e-08 7.906369982442256808e+07
1.804913762506384592e+04 1.309064900422699236e-08 7.639040659306488931e+07
1.822471143978215696e+04 1.354643625088280215e-08 7.382015324767290056e+07
1.840199315684212343e+04 1.401570253438331134e-08 7.134854621427650750e+07
1.858099938994213153e+04 1.449876419818663541e-08 6.897139551556195319e+07
1.876174691439119488e+04 1.499594255378185136e-08 6.668470464017670602e+07
1.894425266868079780e+04 1.550756389643545102e-08 6.448466094857482612e+07
1.912853375607242197e+04 1.603395951954732856e-08 6.236762658536586165e+07
1.931460744620030164e+04 1.657546572760014416e-08 6.033012986988834292e+07
1.950249117668984036e+04 1.713242384768441815e-08 5.836885713839947432e+07
1.969220255479173647e+04 1.770518023958538326e-08 5.648064501281902194e+07
1.988375935903198479e+04 1.829408630441524289e-08 5.466247307244046032e+07
2.007717954087818362e+04 1.889949849177837837e-08 5.291145690638394654e+07
2.027248122642135422e+04 1.952177830545606497e-08 5.122484152586211264e+07
2.046968271807520068e+04 2.016129230759923868e-08 4.959999511653713882e+07
2.066880249629082027e+04 2.081841212141834861e-08 4.803440311238639057e+07
2.086985922128879974e+04 2.149351443235991882e-08 4.652566257356374711e+07
2.107287173480786441e+04 2.218698098776168680e-08 4.507147685174467415e+07
2.127785906187063301e+04 2.289919859497775559e-08 4.366965052739093453e+07
2.148484041256649289e+04 2.363055911796759546e-08 4.231808460425490886e+07
2.169383518385182106e+04 2.438145947234136761e-08 4.101477194728282839e+07
2.190486296136795136e+04 2.515230161885918793e-08 3.975779295085266978e+07
2.211794352127612729e+04 2.594349255537806707e-08 3.854531142503019422e+07
2.233309683211143420e+04 2.675544430724507783e-08 3.737557068821357936e+07
2.255034305665360807e+04 2.758857391613472818e-08 3.624688985519350320e+07
2.276970255381679817e+04 2.844330342732952409e-08 3.515766031027035415e+07
2.299119588055742861e+04 2.932005987544379826e-08 3.410634235564853996e+07
2.321484379380065729e+04 3.021927526859374304e-08 3.309146202587058768e+07
2.344066725238558502e+04 3.114138657101276060e-08 3.211160805957262218e+07
2.366868741902933471e+04 3.208683568412012769e-08 3.116542902031636238e+07
2.389892566231052842e+04 3.305606942604265724e-08 3.025163055871872976e+07
2.413140355867126345e+04 3.404953950959824743e-08 2.936897280851946026e+07
2.436614289443983216e+04 3.506770251874760476e-08 2.851626790963532031e+07
2.460316566787181728e+04 3.611101988351838952e-08 2.769237765163245797e+07
2.484249409121190547e+04 3.717995785341607068e-08 2.689621123139924929e+07
2.508415059277541150e+04 3.827498746932501740e-08 2.612672311915024742e+07
2.532815781905005861e+04 3.939658453391592736e-08 2.538291102720122784e+07
2.557453863681853181e+04 4.054522958056693055e-08 2.466381397626352683e+07
2.582331613530082905e+04 4.172140784081354253e-08 2.396851045428434014e+07
2.607451362831876031e+04 4.292560921034054302e-08 2.329611666312951222e+07
2.632815465648020108e+04 4.415832821353035159e-08 2.264578484865725785e+07
2.658426298938541368e+04 4.542006396658188964e-08 2.201670170997021347e+07
2.684286262785454892e+04 4.671132013922000607e-08 2.140808688385526463e+07
2.710397780617683384e+04 4.803260491500987265e-08 2.081919150063640624e+07
2.736763299438165268e+04 4.938443095029446134e-08 2.024929680786444992e+07
2.763385290053167046e+04 5.076731533177772827e-08 1.969771285845504329e+07
2.790266247303859200e+04 5.218177953276996222e-08 1.916377726006840542e+07
2.817408690300054514e+04 5.362834936811812097e-08 1.864685398269029707e+07
2.844815162656362008e+04 5.510755494784316537e-08 1.814633222153396904e+07
2.872488232730495292e+04 5.661993062950616887e-08 1.766162531253390759e+07
2.900430493863991796e+04 5.816601496932818359e-08 1.719216969784357771e+07
2.928644564625237399e+04 5.974635067208563423e-08 1.673742393888526969e+07
2.957133089054862285e+04 6.136148453980943673e-08 1.629686777462548018e+07
2.985898736913524044e+04 6.301196741931211452e-08 1.587000122287114523e+07
3.014944203932091477e+04 6.469835414856833659e-08 1.545634372249526903e+07
3.044272212064305859e+04 6.642120350197961527e-08 1.505543331460707262e+07
3.073885509741793794e+04 6.818107813454558391e-08 1.466682586078564823e+07
3.103786872131721248e+04 6.997854452497836257e-08 1.429009429658910446e+07
3.133979101396794067e+04 7.181417291778081726e-08 1.392482791864619963e+07
3.164465026957891314e+04 7.368853726432431431e-08 1.357063170372010581e+07
3.195247505759213527e+04 7.560221516295500749e-08 1.322712565821746923e+07
3.226329422536017228e+04 7.755578779815782738e-08 1.289394419669285789e+07
3.257713690084953487e+04 7.954983987881430429e-08 1.257073554797084816e+07
3.289403249537028751e+04 8.158495957557994022e-08 1.225716118757899851e+07
3.321401070633265772e+04 8.366173845741871672e-08 1.195289529524861090e+07
3.353710152002928953e+04 8.578077142732638358e-08 1.165762423630337417e+07
3.386333521444636426e+04 8.794265665727626379e-08 1.137104606581453979e+07
3.419274236210027448e+04 9.014799552241919313e-08 1.109287005445736088e+07
3.452535383290305617e+04 9.239739253457515484e-08 1.082281623505554534e+07
3.486120079705521493e+04 9.469145527504841303e-08 1.056061496885140799e+07
3.520031472796675371e+04 9.703079432680567720e-08 1.030600653058593534e+07
3.554272740520698426e+04 9.941602320604423099e-08 1.005874071151945554e+07
3.588847091748195817e+04 1.018477582931938195e-07 9.818576439564375207e+06
3.623757766564257327e+04 1.043266187633851969e-07 9.585281415743181482e+06
3.659008036572021228e+04 1.068532265164179719e-07 9.358631766223270446e+06
3.694601205199302058e+04 1.094282061062706181e-07 9.138411709215587005e+06
3.730540608008161507e+04 1.120521846701811852e-07 8.924413236059959978e+06
3.766829613007493026e+04 1.147257918573412594e-07 8.716435805851535872e+06
3.803471620968650677e+04 1.174496597572384717e-07 8.514286052994458005e+06
3.840470065744141175e+04 1.202244228276807596e-07 8.317777507098644972e+06
3.877828414589461318e+04 1.230507178225428295e-07 8.126730324662929401e+06
3.915550168487937481e+04 1.259291837192709355e-07 7.940971032014798373e+06
3.953638862478928786e+04 1.288604616461794740e-07 7.760332279002420604e+06
3.992098065989020688e+04 1.318451948095818778e-07 7.584652602958001196e+06
4.030931383166566957e+04 1.348840284207864874e-07 7.413776202475085855e+06
4.070142453219438903e+04 1.379776096229969456e-07 7.247552720563500188e+06
4.109734950756071339e+04 1.411265874181536444e-07 7.085837036766370758e+06
4.149712586129819829e+04 1.443316125937518521e-07 6.928489067843272351e+06
4.190079105786664877e+04 1.475933376496714334e-07 6.775373576642103493e+06
4.230838292616346007e+04 1.509124167250571541e-07 6.626359988799796440e+06
4.271993966306776565e+04 1.542895055252811211e-07 6.481322216929038055e+06
4.313549983702119061e+04 1.577252612490297892e-07 6.340138491963673383e+06
4.355510239164131053e+04 1.612203425155388810e-07 6.202691201351449825e+06
4.397878664937159920e+04 1.647754092920251364e-07 6.068866733796050772e+06
4.440659231516642467e+04 1.683911228213394549e-07 5.938555330265155993e+06
4.483855948021181393e+04 1.720681455498791508e-07 5.811650940993722528e+06
4.527472862568302662e+04 1.758071410557969082e-07 5.688051088224137202e+06
4.571514062653714063e+04 1.796087739775305498e-07 5.567656734437161125e+06
4.615983675534503709e+04 1.834737099426954145e-07 5.450372155838192441e+06
4.660885868615764775e+04 1.874026154973737831e-07 5.336104820874358527e+06
4.706224849841281684e+04 1.913961580358210691e-07 5.224765273568570614e+06
4.752004868087766226e+04 1.954550057306385671e-07 5.116267021465416066e+06
4.798230213563085272e+04 1.995798274634227887e-07 5.010526427994186990e+06
4.844905218208296719e+04 2.037712927559485621e-07 4.907462609061784111e+06
4.892034256103607186e+04 2.080300717018912942e-07 4.806997333698023111e+06
4.939621743878325651e+04 2.123568348991331037e-07 4.709054928582767956e+06
4.987672141124658083e+04 2.167522533826781818e-07 4.613562186292432249e+06
5.036189950815767952e+04 2.212169985582084576e-07 4.520448277110457420e+06
5.085179719727656629e+04 2.257517421363004516e-07 4.429644664253520779e+06
5.134646038865306036e+04 2.303571560673469406e-07 4.341085022371266037e+06
5.184593543892913294e+04 2.350339124771848622e-07 4.254705159184514545e+06
5.235026915568308323e+04 2.397826836034849671e-07 4.170442940131753683e+06
5.285950880181609682e+04 2.446041417329124561e-07 4.088238215900356881e+06
5.337370209998128121e+04 2.494989591390807848e-07 4.008032752724068705e+06
5.389289723705649521e+04 2.544678080213359304e-07 3.929770165333269164e+06
5.441714286865887698e+04 2.595113604443860246e-07 3.853395852449791040e+06
5.494648812370609085e+04 2.646302882788028471e-07 3.778856934722619131e+06
5.548098260901917092e+04 2.698252631424202755e-07 3.706102195005276240e+06
5.602067641397187253e+04 2.750969563426404352e-07 3.635082020880208816e+06
5.656562011518465442e+04 2.804460388196871512e-07 3.565748349339140579e+06
5.711586478126434668e+04 2.858731810908095583e-07 3.498054613532786258e+06
5.767146197759002825e+04 2.913790531954689050e-07 3.431955691506620962e+06
5.823246377114521601e+04 2.969643246415221034e-07 3.367407856843212619e+06
5.879892273539790767e+04 3.026296643524125604e-07 3.304368731135024689e+06
5.937089195522606315e+04 3.083757406154040764e-07 3.242797238214553799e+06
5.994842503189409035e+04 3.142032210308614656e-07 3.182653560072124936e+06
6.053157608807464567e+04 3.201127724625970610e-07 3.123899094394438434e+06
6.112039977292132971e+04 3.261050609892971866e-07 3.066496413659830112e+06
6.171495126718984829e+04 3.321807518570511485e-07 3.010409225728811696e+06
6.231528628840915189e+04 3.383405094329841754e-07 2.955602335871259682e+06
6.292146109610350686e+04 3.445849971600199297e-07 2.902041610173804220e+06
6.353353249706337374e+04 3.509148775127771958e-07 2.849693940273560584e+06
6.415155785067079705e+04 3.573308119546150928e-07 2.798527209366459399e+06
6.477559507427331846e+04 3.638334608958404157e-07 2.748510259440605994e+06
6.540570264861226315e+04 3.704234836530818174e-07 2.699612859687224496e+06
6.604193962330305658e+04 3.771015384098449143e-07 2.651805676043598913e+06
6.668436562236896134e+04 3.838682821782551428e-07 2.605060241824393626e+06
6.733304084982867062e+04 3.907243707620008093e-07 2.559348929399448913e+06
6.798802609533807845e+04 3.976704587204737912e-07 2.514644922877988312e+06
6.864938273988784931e+04 4.047071993341300192e-07 2.470922191760642920e+06
6.931717276155400032e+04 4.118352445710541744e-07 2.428155465522498358e+06
6.999145874130817538e+04 4.190552450547567672e-07 2.386320209091602825e+06
7.067230386888071371e+04 4.263678500331969767e-07 2.345392599189033732e+06
7.135977194868306105e+04 4.337737073490269664e-07 2.305349501497956924e+06
7.205392740578704979e+04 4.412734634110740316e-07 2.266168448630315717e+06
7.275483529196232848e+04 4.488677631670677795e-07 2.227827618861107156e+06
7.346256129177263938e+04 4.565572500775839135e-07 2.190305815601586830e+06
7.417717172873116215e+04 4.643425660912466556e-07 2.153582447583521251e+06
7.489873357151672826e+04 4.722243516211533311e-07 2.117637509728129953e+06
7.562731444024796656e+04 4.802032455225520860e-07 2.082451564674059395e+06
7.636298261282242311e+04 4.882798850717409727e-07 2.048005724940059939e+06
7.710580703131336486e+04 4.964549059462120685e-07 2.014281635698739905e+06
7.785585730843145575e+04 5.047289422060235797e-07 1.981261458138878457e+06
7.861320373404814745e+04 5.131026262764103612e-07 1.948927853394568665e+06
7.937791728178285121e+04 5.215765889316012462e-07 1.917263967020457145e+06
8.015006961565413803e+04 5.301514592798807733e-07 1.886253413992913207e+06
8.092973309679541853e+04 5.388278647498523234e-07 1.855880264218043070e+06
8.171698079023705213e+04 5.476064310779159025e-07 1.826129028528000461e+06
8.251188647175162623e+04 5.564877822969480757e-07 1.796984645147858653e+06
8.331452463477014680e+04 5.654725407261945350e-07 1.768432466615927871e+06
8.412497049736118061e+04 5.745613269623290309e-07 1.740458247141239699e+06
8.494330000928071968e+04 5.837547598717154090e-07 1.713048130382281961e+06
8.576958985908946488e+04 5.930534565838336814e-07 1.686188637631927617e+06
8.660391748133943474e+04 6.024580324858806152e-07 1.659866656393922865e+06
8.744636106383152946e+04 6.119691012185088392e-07 1.634069429336990928e+06
8.829699955494083406e+04 6.215872746727298794e-07 1.608784543612973997e+06
8.915591267101759149e+04 6.313131629879451252e-07 1.583999920526122209e+06
9.002318090385581309e+04 6.411473745511019732e-07 1.559703805541039445e+06
9.089888552823731152e+04 6.510905159969533362e-07 1.535884758617309388e+06
9.178310860954805685e+04 6.611431922094307901e-07 1.512531644859211054e+06
9.267593301146883459e+04 6.713060063241007572e-07 1.489633625469468301e+06
9.357744240374067158e+04 6.815795597316843522e-07 1.467180148996351054e+06
9.448772127000568435e+04 6.919644520826647114e-07 1.445160942863776349e+06
9.540685491572522733e+04 7.024612812929102331e-07 1.423566005174629623e+06
9.633492947617212485e+04 7.130706435503504677e-07 1.402385596777676372e+06
9.727203192450536881e+04 7.237931333226644238e-07 1.381610233588943724e+06
9.821825007991856546e+04 7.346293433659750441e-07 1.361230679158732528e+06
9.917367261587073153e+04 7.455798647345315330e-07 1.341237937475761166e+06
1.001383890683960781e+05 7.566452867913508429e-07 1.321623246000282932e+06
1.011124898444946448e+05 7.678261972198297554e-07 1.302378068918243051e+06
1.020960662306047598e+05 7.791231820362965328e-07 1.283494090608914383e+06
1.030892104011575138e+05 7.905368256034738715e-07 1.264963209318715613e+06
1.040920154272159125e+05 8.020677106448397103e-07 1.246777531034167157e+06
1.051045752851944417e+05 8.137164182599059053e-07 1.228929363547134446e+06
1.061269848656690156e+05 8.254835279403365249e-07 1.211411210705923382e+06
1.071593399822671199e+05 8.373696175869222849e-07 1.194215766845870763e+06
1.082017373806478863e+05 8.493752635274019098e-07 1.177335911393349292e+06
1.092542747475683136e+05 8.615010405350813989e-07 1.160764703637382016e+06
1.103170507200378051e+05 8.737475218482549042e-07 1.144495377663195832e+06
1.113901648945617926e+05 8.861152791904039244e-07 1.128521337442286778e+06
1.124737178364750725e+05 8.986048827911400894e-07 1.112836152073777281e+06
1.135678110893670382e+05 9.112169014079062496e-07 1.097433551171972882e+06
1.146725471845963039e+05 9.239519023483707571e-07 1.082307420395305147e+06
1.157880296509002219e+05 9.368104514935334650e-07 1.067451797111918451e+06
1.169143630240966741e+05 9.497931133215068133e-07 1.052860866197392577e+06
1.180516528568805516e+05 9.629004509319345181e-07 1.038528955960254301e+06
1.192000057287153904e+05 9.761330260710781459e-07 1.024450534191006795e+06
1.203595292558213550e+05 9.894913991574926947e-07 1.010620204330684384e+06
1.215303321012603410e+05 1.002976129308298485e-06 9.970327017549750162e+05
1.227125239851189108e+05 1.016587774366038774e-06 9.836828901701249415e+05
1.239062156947915646e+05 1.030326890926070898e-06 9.705657581170062767e+05
1.251115190953615092e+05 1.044194034364506921e-06 9.576764155797890853e+05
1.263285471400849201e+05 1.058189758866638581e-06 9.450100906958671985e+05
1.275574138809759897e+05 1.072314617455883790e-06 9.325621265637003817e+05
1.287982344794950914e+05 1.086569162023160262e-06 9.203279781454767799e+05
1.300511252173409885e+05 1.100953943356729227e-06 9.083032092614810681e+05
1.313162035073477309e+05 1.115469511172456327e-06 8.964834896732518682e+05
1.325935879044892208e+05 1.130116414144466789e-06 8.848645922526760260e+05
1.338833981169863837e+05 1.144895199936186014e-06 8.734423902342659421e+05
1.351857550175292126e+05 1.159806415231734847e-06 8.622128545479680179e+05
1.365007806546013744e+05 1.174850605767655835e-06 8.511720512299457332e+05
1.378285982639189169e+05 1.190028316364967494e-06 8.403161389088425785e+05
1.391693322799790476e+05 1.205340090961491319e-06 8.296413663651617244e+05
1.405231083477212233e+05 1.220786472644457264e-06 8.191440701614334248e+05
1.418900533343017742e+05 1.236368003683360779e-06 8.088206723409385886e+05
1.432702953409829352e+05 1.252085225563035638e-06 7.986676781928495038e+05
1.446639637151389616e+05 1.267938679016948900e-06 7.886816740816790843e+05
1.460711890623744985e+05 1.283928904060645790e-06 7.788593253390652826e+05
1.474921032587684167e+05 1.300056440025401895e-06 7.691973742158923997e+05
1.489268394632288837e+05 1.316321825591959007e-06 7.596926378929355415e+05
1.503755321299738425e+05 1.332725598824438201e-06 7.503420065481397323e+05
1.518383170211307588e+05 1.349268297204285104e-06 7.411424414788540453e+05
1.533153312194594764e+05 1.365950457664337565e-06 7.320909732772574062e+05
1.548067131411985902e+05 1.382772616622932911e-06 7.231847000573696569e+05
1.563126025490367902e+05 1.399735310018033430e-06 7.144207857320656767e+05
1.578331405652116518e+05 1.416839073341368570e-06 7.057964583385422593e+05
1.593684696847328159e+05 1.434084441672579263e-06 6.973090084107568255e+05
1.609187337887370086e+05 1.451471949713296387e-06 6.889557873974251561e+05
1.624840781579713221e+05 1.469002131821204623e-06 6.807342061241556657e+05
1.640646494864079577e+05 1.486675522044011862e-06 6.726417332984082168e+05
1.656605958949915075e+05 1.504492654153313162e-06 6.646758940559749026e+05
1.672720669455195020e+05 1.522454061678344369e-06 6.568342685477194609e+05
1.688992136546600668e+05 1.540560277939632413e-06 6.491144905653509777e+05
1.705421885081004875e+05 1.558811836082419227e-06 6.415142462050992763e+05
1.722011454748420219e+05 1.577209269109973644e-06 6.340312725681003649e+05
1.738762400216250389e+05 1.595753109916673965e-06 6.266633564964303514e+05
1.755676291275001422e+05 1.614443891320863732e-06 6.194083333437163383e+05
1.772754712985388178e+05 1.633282146097490449e-06 6.122640857792798197e+05
1.789999265826876217e+05 1.652268407010473883e-06 6.052285426248308504e+05
1.807411565847669553e+05 1.671403206844812220e-06 5.982996777227368439e+05
1.824993244816150400e+05 1.690687078438343887e-06 5.914755088349531870e+05
1.842745950373818632e+05 1.710120554713265442e-06 5.847540965716707287e+05
1.860671346189655305e+05 1.729704168707239916e-06 5.781335433488537092e+05
1.878771112116085133e+05 1.749438453604206363e-06 5.716119923737770878e+05
1.897046944346358359e+05 1.769323942764770348e-06 5.651876266577764181e+05
1.915500555573527818e+05 1.789361169756247144e-06 5.588586680553839542e+05
1.934133675150945783e+05 1.809550668382234829e-06 5.526233763291164069e+05
1.952948049254328653e+05 1.829892972711822524e-06 5.464800482391290134e+05
1.971945441045397893e+05 1.850388617108295280e-06 5.404270166570497677e+05
1.991127630837106844e+05 1.871038136257396814e-06 5.344626497032720363e+05
2.010496416260497062e+05 1.891842065195111768e-06 5.285853499070318649e+05
2.030053612433136732e+05 1.912800939334925980e-06 5.227935533886220655e+05
2.049801052129237505e+05 1.933915294494596961e-06 5.170857290630904608e+05
2.069740585951406101e+05 1.955185666922331875e-06 5.114603778648322332e+05
2.089874082504071121e+05 1.976612593322485453e-06 5.059160319924408104e+05
2.110203428568596428e+05 1.998196610880611845e-06 5.004512541732800892e+05
2.130730529280098563e+05 2.019938257287992153e-06 4.950646369471803191e+05
2.151457308305982733e+05 2.041838070765492803e-06 4.897548019687458291e+05
2.172385708026213397e+05 2.063896590086851758e-06 4.845203993277195259e+05
2.193517689715357847e+05 2.086114354601300221e-06 4.793601068869116134e+05
2.214855233726359147e+05 2.108491904255543144e-06 4.742726296371886856e+05
2.236400339676138829e+05 2.131029779615043471e-06 4.692566990690497914e+05
2.258155026632983063e+05 2.153728521884662212e-06 4.643110725603107130e+05
2.280121333305758308e+05 2.176588672928534495e-06 4.594345327794664190e+05
2.302301318234964856e+05 2.199610775289297214e-06 4.546258871042664396e+05
2.324697059985645465e+05 2.222795372206517504e-06 4.498839670551064191e+05
2.347310657342198538e+05 2.246143007634427913e-06 4.452076277427992900e+05
2.370144229505010881e+05 2.269654226258850121e-06 4.405957473303476581e+05
2.393199916289121902e+05 2.293329573513379200e-06 4.360472265083124512e+05
2.416479878324700694e+05 2.317169595594730158e-06 4.315609879834184540e+05
2.439986297259550192e+05 2.341174839477349252e-06 4.271359759800096508e+05
2.463721375963552855e+05 2.365345852927101624e-06 4.227711557540331269e+05
2.487687338735108497e+05 2.389683184514214383e-06 4.184655131191729452e+05
2.511886431509582035e+05 2.414187383625331156e-06 4.142180539848246844e+05
2.536320922069773078e+05 2.438859000474693345e-06 4.100278039055814734e+05
2.560993100258462073e+05 2.463698586114448099e-06 4.058938076419167337e+05
2.585905278192944534e+05 2.488706692444099076e-06 4.018151287317526294e+05
2.611059790481779783e+05 2.513883872219008123e-06 3.977908490726339514e+05
2.636458994443517877e+05 2.539230679057991881e-06 3.938200685142090661e+05
2.662105270327638718e+05 2.564747667450028176e-06 3.899019044607374235e+05
2.688001021537607303e+05 2.590435392759934946e-06 3.860354914833707153e+05
2.714148674856108264e+05 2.616294411233209767e-06 3.822199809419164667e+05
2.740550680672463495e+05 2.642325279999775008e-06 3.784545406158643309e+05
2.767209513212265447e+05 2.668528557076855204e-06 3.747383543443936505e+05
2.794127670769267133e+05 2.694904801370793936e-06 3.710706216751473257e+05
2.821307675939470646e+05 2.721454572677883084e-06 3.674505575215280405e+05
2.848752075857552118e+05 2.748178431684198495e-06 3.638773918282875675e+05
2.876463442435557954e+05 2.775076939964381956e-06 3.603503692451982643e+05
2.904444372603925876e+05 2.802150659979391894e-06 3.568687488085863297e+05
2.932697488554854644e+05 2.829400155073224937e-06 3.534318036305190180e+05
2.961225437988037593e+05 2.856825989468541834e-06 3.500388205954507575e+05
2.990030894358788501e+05 2.884428728261270164e-06 3.466891000641221181e+05
3.019116557128574350e+05 2.912208937414065238e-06 3.433819555845341529e+05
3.048485152018016088e+05 2.940167183748733816e-06 3.401167136097998591e+05
3.078139431262287544e+05 2.968304034937544393e-06 3.368927132227008697e+05
3.108082173869063845e+05 2.996620059493372397e-06 3.337093058667792357e+05
3.138316185878944816e+05 3.025115826758809885e-06 3.305658550837793155e+05
3.168844300628417986e+05 3.053791906894084313e-06 3.274617362572908751e+05
3.199669379015382729e+05 3.082648870863825762e-06 3.243963363624278572e+05
3.230794309767246596e+05 3.111687290422744035e-06 3.213690537213793141e+05
3.262222009711673018e+05 3.140907738100074169e-06 3.183792977646955987e+05
3.293955424049853464e+05 3.170310787182905979e-06 3.154264887981490465e+05
3.325997526632605586e+05 3.199897011698304460e-06 3.125100577750353259e+05
3.358351320238990011e+05 3.229666986394239269e-06 3.096294460737729678e+05
3.391019836857747287e+05 3.259621286719365621e-06 3.067841052806617809e+05
3.424006137971425778e+05 3.289760488801499912e-06 3.039734969776818762e+05
3.457313314843286062e+05 3.320085169425011988e-06 3.011970925351847545e+05
3.490944488806994632e+05 3.350595906006865968e-06 2.984543729093755246e+05
3.524902811559127294e+05 3.381293276571538330e-06 2.957448284444435849e+05
3.559191465454560821e+05 3.412177859724615049e-06 2.930679586792425835e+05
3.593813663804625394e+05 3.443250234625202033e-06 2.904232721583913662e+05
3.628772651178335655e+05 3.474510980957043849e-06 2.878102862476931768e+05
3.664071703706370899e+05 3.505960678898392638e-06 2.852285269537619897e+05
3.699714129388128058e+05 3.537599909090602674e-06 2.826775287477509119e+05
3.735703268401721143e+05 3.569429252605481062e-06 2.801568343930774718e+05
3.772042493417001097e+05 3.601449290911279355e-06 2.776659947770550498e+05
3.808735209911618149e+05 3.633660605837499345e-06 2.752045687463197391e+05
3.845784856490154634e+05 3.666063779538310127e-06 2.727721229459723691e+05
3.883194905206402182e+05 3.698659394454686154e-06 2.703682316623359802e+05
3.920968861888688989e+05 3.731448033275269227e-06 2.679924766692389385e+05
3.959110266468458576e+05 3.764430278895875245e-06 2.656444470777407405e+05
3.997622693312000483e+05 3.797606714377688889e-06 2.633237391892144224e+05
4.036509751555416151e+05 3.830977922904147952e-06 2.610299563517010538e+05
4.075775085442842101e+05 3.864544487736421593e-06 2.587627088194628886e+05
4.115422374667961849e+05 3.898306992167661244e-06 2.565216136156449793e+05
4.155455334718879312e+05 3.932266019475812398e-06 2.543062943979827978e+05
4.195877717226221575e+05 3.966422152875100802e-06 2.521163813274741988e+05
4.236693310314833652e+05 4.000775975466156615e-06 2.499515109399454377e+05
4.277905938958685147e+05 4.035328070184816346e-06 2.478113260204393591e+05
4.319519465339363669e+05 4.070079019749478914e-06 2.456954754803634714e+05
4.361537789208005415e+05 4.105029406607163197e-06 2.436036142373234034e+05
4.403964848250756040e+05 4.140179812878108693e-06 2.415354030975855130e+05
4.446804618457782781e+05 4.175530820299118328e-06 2.394905086410939402e+05
4.490061114495869842e+05 4.211083010165358830e-06 2.374686031089974858e+05
4.533738390084695420e+05 4.246836963270871903e-06 2.354693642936105898e+05
4.577840538376616314e+05 4.282793259847670023e-06 2.334924754307584662e+05
4.622371692340381560e+05 4.318952479503435466e-06 2.315376250944472849e+05
4.667336025148346671e+05 4.355315201157761602e-06 2.296045070938086428e+05
4.712737750567601179e+05 4.391882002977093983e-06 2.276928203722543258e+05
4.758581123354849406e+05 4.428653462308120523e-06 2.258022689088030893e+05
4.804870439655134105e+05 4.465630155609881806e-06 2.239325616215137998e+05
4.851610037404448376e+05 4.502812658384392311e-06 2.220834122729857627e+05
4.898804296736245160e+05 4.540201545105828459e-06 2.202545393778748694e+05
4.946457640391968889e+05 4.577797389148341073e-06 2.184456661123748927e+05
4.994574534135411377e+05 4.615600762712400788e-06 2.166565202256229531e+05
5.043159487171358778e+05 4.653612236749739067e-06 2.148868339529806399e+05
5.092217052568053477e+05 4.691832380886828941e-06 2.131363439311496622e+05
5.141751827683927841e+05 4.730261763347017272e-06 2.114047911150744476e+05
5.191768454598429380e+05 4.768900950871033248e-06 2.096919206966023194e+05
5.242271620547046768e+05 4.807750508636297487e-06 2.079974820248413016e+05
5.293266058360566385e+05 4.846811000174597210e-06 2.063212285281965742e+05
5.344756546908593737e+05 4.886082987288453594e-06 2.046629176380307472e+05
5.396747911547439871e+05 4.925567029965928893e-06 2.030223107139234489e+05
5.449245024572256953e+05 4.965263686294070685e-06 2.013991729704834870e+05
5.502252805673684925e+05 5.005173512370926321e-06 1.997932734056815680e+05
5.555776222398878308e+05 5.045297062216017473e-06 1.982043847306734533e+05
5.609820290617034771e+05 5.085634887679449263e-06 1.966322833010717877e+05
5.664390074989452260e+05 5.126187538349555722e-06 1.950767490496384271e+05
5.719490689444137970e+05 5.166955561459067172e-06 1.935375654203644081e+05
5.775127297655120492e+05 5.207939501789864758e-06 1.920145193039051373e+05
5.831305113526218338e+05 5.249139901576273006e-06 1.905074009743402712e+05
5.888029401679823641e+05 5.290557300406892937e-06 1.890160040272299375e+05
5.945305477950134082e+05 5.332192235125030803e-06 1.875401253189349081e+05
6.003138709881384857e+05 5.374045239727610636e-06 1.860795649071770895e+05
6.061534517230839701e+05 5.416116845262710364e-06 1.846341259928070649e+05
6.120498372476702789e+05 5.458407579725632563e-06 1.832036148627554649e+05
6.180035801330960821e+05 5.500917967953486973e-06 1.817878408341419417e+05
6.240152383257203037e+05 5.543648531518388112e-06 1.803866161995127623e+05
6.300853751993559999e+05 5.586599788619244277e-06 1.789997561731829192e+05
6.362145596080517862e+05 5.629772253971979531e-06 1.776270788386632921e+05
6.424033659394191345e+05 5.673166438698441101e-06 1.762684050971407269e+05
6.486523741684461711e+05 5.716782850213849870e-06 1.749235586169925227e+05
6.549621699118558317e+05 5.760621992112781275e-06 1.735923657843130350e+05
6.613333444829843938e+05 5.804684364053733351e-06 1.722746556544281193e+05
6.677664949471958680e+05 5.848970461642328511e-06 1.709702599043748050e+05
6.742622241778349271e+05 5.893480776312988970e-06 1.696790127863296948e+05
6.808211409127230290e+05 5.938215795209289107e-06 1.684007510819595482e+05
6.874438598112108884e+05 5.983176001062850087e-06 1.671353140576777514e+05
6.941310015117721632e+05 6.028361872070847032e-06 1.658825434207854851e+05
7.008831926901709521e+05 6.073773881772078784e-06 1.646422832764793129e+05
7.077010661181889009e+05 6.119412498921692586e-06 1.634143800857044698e+05
7.145852607229240239e+05 6.165278187364417121e-06 1.621986826238392387e+05
7.215364216466669459e+05 6.211371405906560597e-06 1.609950419401862018e+05
7.285552003073596861e+05 6.257692608186470602e-06 1.598033113182604720e+05
7.356422544596421067e+05 6.304242242543688694e-06 1.586233462368526671e+05
7.427982482564910315e+05 6.351020751886766674e-06 1.574550043318499811e+05
7.500238523114664713e+05 6.398028573559598010e-06 1.562981453588040895e+05
7.573197437615479575e+05 6.445266139206593062e-06 1.551526311562208284e+05
7.646866063305975404e+05 6.492733874636212756e-06 1.540183256095692050e+05
7.721251303934328025e+05 6.540432199683479043e-06 1.528950946159788291e+05
7.796360130405237433e+05 6.588361528070907338e-06 1.517828060496253893e+05
7.872199581433199346e+05 6.636522267268229390e-06 1.506813297277802776e+05
7.948776764202114427e+05 6.684914818350732107e-06 1.495905373775151384e+05
8.026098855031403946e+05 6.733539575856345310e-06 1.485103026030442270e+05
8.104173100048351334e+05 6.782396927641365758e-06 1.474405008536942478e+05
8.183006815867389087e+05 6.831487254734975016e-06 1.463810093924847024e+05
8.262607390275591752e+05 6.880810931192332588e-06 1.453317072653115611e+05
8.342982282925081672e+05 6.930368323946530662e-06 1.442924752707147854e+05
8.424139026032094844e+05 6.980159792659203752e-06 1.432631959302229516e+05
8.506085225082844263e+05 7.030185689569941485e-06 1.422437534592593729e+05
8.588828559546258766e+05 7.080446359344423221e-06 1.412340337386003230e+05
8.672376783593635773e+05 7.130942138921261787e-06 1.402339242863742693e+05
8.756737726825403515e+05 7.181673357357785884e-06 1.392433142305863148e+05
8.841919295004659798e+05 7.232640335674435898e-06 1.382620942821638600e+05
8.927929470798302209e+05 7.283843386698132265e-06 1.372901567085057613e+05
9.014776314524917398e+05 7.335282814904264012e-06 1.363273953075320460e+05
9.102467964910225710e+05 7.386958916257715073e-06 1.353737053822152666e+05
9.191012639849777333e+05 7.438871978052630221e-06 1.344289837155905843e+05
9.280418637179076904e+05 7.491022278750934166e-06 1.334931285462338419e+05
9.370694335451208754e+05 7.543410087820011239e-06 1.325660395441914152e+05
9.461848194721991895e+05 7.596035665568927342e-06 1.316476177873635897e+05
9.553888757342890603e+05 7.648899262983824339e-06 1.307377657383215992e+05
9.646824648761422141e+05 7.702001121562092179e-06 1.298363872215567390e+05
9.740664578329562210e+05 7.755341473145471222e-06 1.289433874011497683e+05
9.835417340119908331e+05 7.808920539752227055e-06 1.280586727588509239e+05
9.931091813749800203e+05 7.862738533408121684e-06 1.271821510725662811e+05
1.002769696521346574e+06 7.916795655976461454e-06 1.263137313952382829e+05
1.012524184772223118e+06 7.971092098987172573e-06 1.254533240341135242e+05
1.022373560255303280e+06 8.025628043464833102e-06 1.246008405303915351e+05
1.032318745990485535e+06 8.080403659755718983e-06 1.237561936392459029e+05
1.042360673976403312e+06 8.135419107354042014e-06 1.229192973102081887e+05
1.052500285277732648e+06 8.190674534727098526e-06 1.220900666679119313e+05
1.062738530113414628e+06 8.246170079139572730e-06 1.212684179931858234e+05
1.073076367945679463e+06 8.301905866477026909e-06 1.204542687044893100e+05
1.083514767569973134e+06 8.357882011068403969e-06 1.196475373396863870e+05
1.094054707205743529e+06 8.414098615507810012e-06 1.188481435381474585e+05
1.104697174588110531e+06 8.470555770475338072e-06 1.180560080231764441e+05
1.115443167060442269e+06 8.527253554557234544e-06 1.172710525847525860e+05
1.126293691667794017e+06 8.584192034065157606e-06 1.164932000625848887e+05
1.137249765251314268e+06 8.641371262854805440e-06 1.157223743294689921e+05
1.148312414543511113e+06 8.698791282143697418e-06 1.149585002749443665e+05
1.159482676264482550e+06 8.756452120328311555e-06 1.142015037892431719e+05
1.170761597219069256e+06 8.814353792800546015e-06 1.134513117475256586e+05
1.182150234394951258e+06 8.872496301763474201e-06 1.127078519943978608e+05
1.193649655061714351e+06 8.930879636046566212e-06 1.119710533287032595e+05
1.205260936870841309e+06 8.989503770920103924e-06 1.112408454885877145e+05
1.216985167956739198e+06 9.048368667909287752e-06 1.105171591368258814e+05
1.228823447038672166e+06 9.107474274607577690e-06 1.097999258464101440e+05
1.240776883523764089e+06 9.166820524489536305e-06 1.090890780863941909e+05
1.252846597610937431e+06 9.226407336723317659e-06 1.083845492079847609e+05
1.265033720395903802e+06 9.286234615982522661e-06 1.076862734308803483e+05
1.277339393977160100e+06 9.346302252257639368e-06 1.069941858298500592e+05
1.289764771563015878e+06 9.406610120667164800e-06 1.063082223215471022e+05
1.302311017579678679e+06 9.467158081268306632e-06 1.056283196515538439e+05
1.314979307780346600e+06 9.527945978867257974e-06 1.049544153816546168e+05
1.327770829355431721e+06 9.588973642829206191e-06 1.042864478773300943e+05
1.340686781043774681e+06 9.650240886888055420e-06 1.036243562954699883e+05
1.353728373245021794e+06 9.711747508955993234e-06 1.029680805722985097e+05
1.366896828133026371e+06 9.773493290932547394e-06 1.023175614115128847e+05
1.380193379770397209e+06 9.835477998513783208e-06 1.016727402726240398e+05
1.393619274224143475e+06 9.897701381001123108e-06 1.010335593595018145e+05
1.407175769682445331e+06 9.960163171110166238e-06 1.003999616091168282e+05
1.420864136572578223e+06 1.002286308477929966e-05 9.977189068047811452e+04
1.434685657679936383e+06 1.008580082097834685e-05 9.914929094376042485e+04
1.448641628268291708e+06 1.014897606151721105e-05 9.853210746961856785e+04
1.462733356201129965e+06 1.021238847085446285e-05 9.792028601868596161e+04
1.476962162064259872e+06 1.027603769590597331e-05 9.731377303125358594e+04
1.491329379289537668e+06 1.033992336585382005e-05 9.671251561712371767e+04
1.505836354279841529e+06 1.040404509195502374e-05 9.611646154564003518e+04
1.520484446535245748e+06 1.046840246735070146e-05 9.552555923588556470e+04
1.535275028780421242e+06 1.053299506687540801e-05 9.493975774704772630e+04
1.550209487093292875e+06 1.059782244686648410e-05 9.435900676894954813e+04
1.565289221034900751e+06 1.066288414497399735e-05 9.378325661273876904e+04
1.580515643780601211e+06 1.072817967997087480e-05 9.321245820173612447e+04
1.595890182252465980e+06 1.079370855156329797e-05 9.264656306243935251e+04
1.611414277253019856e+06 1.085947024020177045e-05 9.208552331567693909e+04
1.627089383600260597e+06 1.092546420689230412e-05 9.152929166791395983e+04
1.642916970263991505e+06 1.099168989300842863e-05 9.097782140270150558e+04
1.658898520503499778e+06 1.105814672010354990e-05 9.043106637227145256e+04
1.675035532006522641e+06 1.112483408972377449e-05 8.988898098927330284e+04
1.691329517029650509e+06 1.119175138322175712e-05 8.935152021864616836e+04
1.707782002539991168e+06 1.125889796157076004e-05 8.881863956963042438e+04
1.724394530358320335e+06 1.132627316517973049e-05 8.829029508791044645e+04
1.741168657303530956e+06 1.139387631370907100e-05 8.776644334788886772e+04
1.758105955338547705e+06 1.146170670588705521e-05 8.724704144509053731e+04
1.775208011717635905e+06 1.152976361932739388e-05 8.673204698869069398e+04
1.792476429135147016e+06 1.159804631034739217e-05 8.622141809416929027e+04
1.809912825875729090e+06 1.166655401378729275e-05 8.571511337608522444e+04
1.827518835965942824e+06 1.173528594283044904e-05 8.521309194097136788e+04
1.845296109327447135e+06 1.180424128882465714e-05 8.471531338034597866e+04
1.863246311931559816e+06 1.187341922110454150e-05 8.422173776383965742e+04
1.881371125955437077e+06 1.194281888681502308e-05 8.373232563243580807e+04
1.899672249939675443e+06 1.201243941073609025e-05 8.324703799182140210e+04
1.918151398947507609e+06 1.208227989510872679e-05 8.276583630584740604e+04
1.936810304725521943e+06 1.215233941946214758e-05 8.228868249009615101e+04
1.955650715865947073e+06 1.222261704044243206e-05 8.181553890555359249e+04
1.974674397970539518e+06 1.229311179164248400e-05 8.134636835238523781e+04
1.993883133815998910e+06 1.236382268343348723e-05 8.088113406381331151e+04
2.013278723521096399e+06 1.243474870279791477e-05 8.041979970009303361e+04
2.032862984715323895e+06 1.250588881316385933e-05 7.996232934258836030e+04
2.052637752709252061e+06 1.257724195424134084e-05 7.950868748794139537e+04
2.072604880666519748e+06 1.264880704185987772e-05 7.905883904233867361e+04
2.092766239777499577e+06 1.272058296780814690e-05 7.861274931586784078e+04
2.113123719434654806e+06 1.279256859967517361e-05 7.817038401696684014e+04
2.133679227409595624e+06 1.286476278069335251e-05 7.773170924696246220e+04
2.154434690031886566e+06 1.293716432958353378e-05 7.729669149469569675e+04
2.175392052369520068e+06 1.300977204040179997e-05 7.686529763123470184e+04
2.196553278411258012e+06 1.308258468238841461e-05 7.643749490467166470e+04
2.217920351250634994e+06 1.315560099981885111e-05 7.601325093500249204e+04
2.239495273271823302e+06 1.322881971185670385e-05 7.559253370908983925e+04
2.261280066337279510e+06 1.330223951240894715e-05 7.517531157570524374e+04
2.283276771977215540e+06 1.337585906998340672e-05 7.476155324065031891e+04
2.305487451580940746e+06 1.344967702754852662e-05 7.435122776195540791e+04
2.327914186589990743e+06 1.352369200239526729e-05 7.394430454515553720e+04
2.350559078693256248e+06 1.359790258600162093e-05 7.354075333863998821e+04
2.373424250023866072e+06 1.367230734389964598e-05 7.314054422907507978e+04
2.396511843358130194e+06 1.374690481554463609e-05 7.274364763690125255e+04
2.419824022316292860e+06 1.382169351418729606e-05 7.235003431189880939e+04
2.443362971565319691e+06 1.389667192674828107e-05 7.195967532882477099e+04
2.467130897023623809e+06 1.397183851369552422e-05 7.157254208311787806e+04
2.491130026067785919e+06 1.404719170892424248e-05 7.118860628667120181e+04
2.515362607741315849e+06 1.412272991963988354e-05 7.080783996367035434e+04
2.539830912965360098e+06 1.419845152624374581e-05 7.043021544649761927e+04
2.564537234751597513e+06 1.427435488222178509e-05 7.005570537169881572e+04
2.589483888417040464e+06 1.435043831403613499e-05 6.968428267601429252e+04
2.614673211801092140e+06 1.442670012101987837e-05 6.931592059247060388e+04
2.640107565484572668e+06 1.450313857527482403e-05 6.895059264653344871e+04
2.665789333010967821e+06 1.457975192157256306e-05 6.858827265231963247e+04
2.691720921109790448e+06 1.465653837725855084e-05 6.822893470886856085e+04
2.717904759922120254e+06 1.473349613215978895e-05 6.787255319646999124e+04
2.744343303228368051e+06 1.481062334849554277e-05 6.751910277304970077e+04
2.771039028678167611e+06 1.488791816079160991e-05 6.716855837061027705e+04
2.797994438022641931e+06 1.496537867579823934e-05 6.682089519172563450e+04
2.825212057348790113e+06 1.504300297241127599e-05 6.647608870609082805e+04
2.852694437316245399e+06 1.512078910159697134e-05 6.613411464712418092e+04
2.880444153396297712e+06 1.519873508632075472e-05 6.579494900862015493e+04
2.908463806113254279e+06 1.527683892147925553e-05 6.545856804145513161e+04
2.936756021288140677e+06 1.535509857383648608e-05 6.512494825034190580e+04
2.965323450284770690e+06 1.543351198196369042e-05 6.479406639063395414e+04
2.994168770258246455e+06 1.551207705618301490e-05 6.446589946517874341e+04
3.023294684405776206e+06 1.559079167851533778e-05 6.414042472121767059e+04
3.052703922220086213e+06 1.566965370263206282e-05 6.381761964733323839e+04
3.082399239745143335e+06 1.574866095381073484e-05 6.349746197044313885e+04
3.112383419834465720e+06 1.582781122889524941e-05 6.317992965283792000e+04
3.142659272411905695e+06 1.590710229625991163e-05 6.286500088926445460e+04
3.173229634734972846e+06 1.598653189577779429e-05 6.255265410405305738e+04
3.204097371660756413e+06 1.606609773879360916e-05 6.224286794828681741e+04
3.235265375914326869e+06 1.614579750810064395e-05 6.193562129701438244e+04
3.266736568359924946e+06 1.622562885792245286e-05 6.163089324650318304e+04
3.298513898274578154e+06 1.630558941389883645e-05 6.132866311153419520e+04
3.330600343624588568e+06 1.638567677307640916e-05 6.102891042273685889e+04
3.362998911344536114e+06 1.646588850390380161e-05 6.073161492396331596e+04
3.395712637619100977e+06 1.654622214623142014e-05 6.043675656970196724e+04
3.428744588167588692e+06 1.662667521131624436e-05 6.014431552252804977e+04
3.462097858531224076e+06 1.670724518183082941e-05 5.985427215059383161e+04
3.495775574363278691e+06 1.678792951187776651e-05 5.956660702515350567e+04
3.529780891721910797e+06 1.686872562700858876e-05 5.928130091812600585e+04
3.564116997366035823e+06 1.694963092424775231e-05 5.899833479969307518e+04
3.598787109053855762e+06 1.703064277212164556e-05 5.871768983593224402e+04
3.633794475844513159e+06 1.711175851069273473e-05 5.843934738648418715e+04
3.669142378402493894e+06 1.719297545159845288e-05 5.816328900225520192e+04
3.704834129305106122e+06 1.727429087809567585e-05 5.788949642315160600e+04
3.740873073352904059e+06 1.735570204511007386e-05 5.761795157584809931e+04
3.777262587883137167e+06 1.743720617929104663e-05 5.734863657158738351e+04
3.814006083086288068e+06 1.751880047907138839e-05 5.708153370401342545e+04
3.851107002325568814e+06 1.760048211473312608e-05 5.681662544703326421e+04
3.888568822459721006e+06 1.768224822847788404e-05 5.655389445271244767e+04
3.926395054168756586e+06 1.776409593450344903e-05 5.629332354919825593e+04
3.964589242282997817e+06 1.784602231908536660e-05 5.603489573867413128e+04
4.003154966115265153e+06 1.792802444066420581e-05 5.577859419534300105e+04
4.042095839796301909e+06 1.801009932993841102e-05 5.552440226343935501e+04
4.081415512613506056e+06 1.809224398996284901e-05 5.527230345526937163e+04
4.121117669352828525e+06 1.817445539625303817e-05 5.502228144927888206e+04
4.161206030644211918e+06 1.825673049689480870e-05 5.477432008814967412e+04
4.201684353310129605e+06 1.833906621266026825e-05 5.452840337692089088e+04
4.242556430717777461e+06 1.842145943712901568e-05 5.428451548113876925e+04
4.283826093134470284e+06 1.850390703681553147e-05 5.404264072503128409e+04
4.325497208086634055e+06 1.858640585130233463e-05 5.380276358970881120e+04
4.367573680722232908e+06 1.866895269337906220e-05 5.356486871138998686e+04
4.410059454176732339e+06 1.875154434918757608e-05 5.332894087965217477e+04
4.452958509942660108e+06 1.883417757837297889e-05 5.309496503570646018e+04
4.496274868242635392e+06 1.891684911424059627e-05 5.286292627069696755e+04
4.540012588406248949e+06 1.899955566391914590e-05 5.263280982402324298e+04
4.584175769250333309e+06 1.908229390853004586e-05 5.240460108168579609e+04
4.628768549463215284e+06 1.916506050336259795e-05 5.217828557465526683e+04
4.673795107992463745e+06 1.924785207805561872e-05 5.195384897726302734e+04
4.719259664436561987e+06 1.933066523678488100e-05 5.173127710561513231e+04
4.765166479440331459e+06 1.941349655845726072e-05 5.151055591602646018e+04
4.811519855094200931e+06 1.949634259691068063e-05 5.129167150347759889e+04
4.858324135337422602e+06 1.957919988112044086e-05 5.107461010009230085e+04
4.905583706365045160e+06 1.966206491541202400e-05 5.085935807363520871e+04
4.953302997039113194e+06 1.974493417967988036e-05 5.064590192603076866e+04
5.001486479303549044e+06 1.982780412961269469e-05 5.043422829190180346e+04
5.050138668603383005e+06 1.991067119692517843e-05 5.022432393712728663e+04
5.099264124307808466e+06 1.999353178959581832e-05 5.001617575742057670e+04
5.148867450137497857e+06 2.007638229211145206e-05 4.980977077692561579e+04
5.198953294596029446e+06 2.015921906571770548e-05 4.960509614683321706e+04
5.249526351405502297e+06 2.024203844867651764e-05 4.940213914401407237e+04
5.300591359946457669e+06 2.032483675652928349e-05 4.920088716967202345e+04
5.352153105701899156e+06 2.040761028236723018e-05 4.900132774801315827e+04
5.404216420705915429e+06 2.049035529710751928e-05 4.880344852493421786e+04
5.456786183996382169e+06 2.057306804977634217e-05 4.860723726672703924e+04
5.509867322072253563e+06 2.065574476779809366e-05 4.841268185880088276e+04
5.563464809355226345e+06 2.073838165729109155e-05 4.821977030442128307e+04
5.617583668655902147e+06 2.082097490336995045e-05 4.802849072346494358e+04
5.672228971644549631e+06 2.090352067045413552e-05 4.783883135119146027e+04
5.727405839326260611e+06 2.098601510258305201e-05 4.765078053703084879e+04
5.783119442521032877e+06 2.106845432373763988e-05 4.746432674338662036e+04
5.839375002348160371e+06 2.115083443816843313e-05 4.727945854445426085e+04
5.896177790715694427e+06 2.123315153072984974e-05 4.709616462505539675e+04
5.953533130814369768e+06 2.131540166722126819e-05 4.691443377948610578e+04
6.011446397616513073e+06 2.139758089473411102e-05 4.673425491038089240e+04
6.069923018379741348e+06 2.147968524200564037e-05 4.655561702759040054e+04
6.128968473155557178e+06 2.156171071977898760e-05 4.637850924707379454e+04
6.188588295302966610e+06 2.164365332116971867e-05 4.620292078980479710e+04
6.248788072006887756e+06 2.172550902203853883e-05 4.602884098069194442e+04
6.309573444801942445e+06 2.180727378137042451e-05 4.585625924751229468e+04
6.370950110100935213e+06 2.188894354166026393e-05 4.568516511985807301e+04
6.432923819728876464e+06 2.197051422930431841e-05 4.551554822809735924e+04
6.495500381461868994e+06 2.205198175499864977e-05 4.534739830234642432e+04
6.558685659571435302e+06 2.213334201414305334e-05 4.518070517145611666e+04
6.622485575374069624e+06 2.221459088725166912e-05 4.501545876200997009e+04
6.686906107786130160e+06 2.229572424036978630e-05 4.485164909733447712e+04
6.751953293884212151e+06 2.237673792549640093e-05 4.468926629652235715e+04
6.817633229470755905e+06 2.245762778101327535e-05 4.452830057346692047e+04
6.883952069645496085e+06 2.253838963211997093e-05 4.436874223590833572e+04
6.950916029382126406e+06 2.261901929127489139e-05 4.421058168449160439e+04
7.018531384110795334e+06 2.269951255864216714e-05 4.405380941183600953e+04
7.086804470306189731e+06 2.277986522254488915e-05 4.389841600161510723e+04
7.155741686081341468e+06 2.286007305992371959e-05 4.374439212764864351e+04
7.225349491787221283e+06 2.294013183680188592e-05 4.359172855300430820e+04
7.295634410618146881e+06 2.302003730875565340e-05 4.344041612911073753e+04
7.366603029223167337e+06 2.309978522139054398e-05 4.329044579488097224e+04
7.438261998323155567e+06 2.317937131082358607e-05 4.314180857584566547e+04
7.510618033334286883e+06 2.325879130417076839e-05 4.299449558329713909e+04
7.583677914997190237e+06 2.333804092004054513e-05 4.284849801344262232e+04
7.657448490012479946e+06 2.341711586903236564e-05 4.270380714656820055e+04
7.731936671682362445e+06 2.349601185424123501e-05 4.256041434621132794e+04
7.807149440558491275e+06 2.357472457176706888e-05 4.241831105834395566e+04
7.883093845096224919e+06 2.365324971123009606e-05 4.227748881056372193e+04
7.959777002314977348e+06 2.373158295629095702e-05 4.213793921129529917e+04
8.037206098465429619e+06 2.380971998517611175e-05 4.199965394900058891e+04
8.115388389702713117e+06 2.388765647120862101e-05 4.186262479139729840e+04
8.194331202766655944e+06 2.396538808334396588e-05 4.172684358468635764e+04
8.274041935668218881e+06 2.404291048671040732e-05 4.159230225278860598e+04
8.354528058382871561e+06 2.412021934315474643e-05 4.145899279658903106e+04
8.435797113550610840e+06 2.419731031179281119e-05 4.132690729318950616e+04
8.517856717182794586e+06 2.427417904956442565e-05 4.119603789517009136e+04
8.600714559375951067e+06 2.435082121179340373e-05 4.106637682985769789e+04
8.684378405032249168e+06 2.442723245275180195e-05 4.093791639860318537e+04
8.768856094587445259e+06 2.450340842622866815e-05 4.081064897606616432e+04
8.854155544745348394e+06 2.457934478610365557e-05 4.068456700950656523e+04
8.940284749219998717e+06 2.465503718692427584e-05 4.055966301808487333e+04
9.027251779484577477e+06 2.473048128448768524e-05 4.043592959216911549e+04
9.115064785527916625e+06 2.480567273642667563e-05 4.031335939264886110e+04
9.203731996618229896e+06 2.488060720279955160e-05 4.019194515025664441e+04
9.293261722074305639e+06 2.495528034668380231e-05 4.007167966489647370e+04
9.383662352044282481e+06 2.502968783477383909e-05 3.995255580497877236e+04
9.474942358291719109e+06 2.510382533798223635e-05 3.983456650676237768e+04
9.567110294989774004e+06 2.517768853204468930e-05 3.971770477370305161e+04
9.660174799522645772e+06 2.525127309812844111e-05 3.960196367580838705e+04
9.754144593295099214e+06 2.532457472344405413e-05 3.948733634899924800e+04
9.849028482549766079e+06 2.539758910186037615e-05 3.937381599447759800e+04
9.944835359192388132e+06 2.547031193452308116e-05 3.926139587809977820e+04
1.004157420162520558e+07 2.554273893047541568e-05 3.915006932975717064e+04
1.013925407558814250e+07 2.561486580728305842e-05 3.903982974276096502e+04
1.023788413500868343e+07 2.568668829166059257e-05 3.893067057323457266e+04
1.033747362285939790e+07 2.575820212010143410e-05 3.882258533951056597e+04
1.043803187202444114e+07 2.582940303951015873e-05 3.871556762153356249e+04
1.053956830617394485e+07 2.590028680783707535e-05 3.860961106026878406e+04
1.064209244064724632e+07 2.597084919471541838e-05 3.850470935711571656e+04
1.074561388334457949e+07 2.604108598210050869e-05 3.840085627332730655e+04
1.085014233562744968e+07 2.611099296491097108e-05 3.829804562943436031e+04
1.095568759322788939e+07 2.618056595167218115e-05 3.819627130467471579e+04
1.106225954716620781e+07 2.624980076516117590e-05 3.809552723642776982e+04
1.116986818467824906e+07 2.631869324305335657e-05 3.799580741965383640e+04
1.127852359015096910e+07 2.638723923857089914e-05 3.789710590633803804e+04
1.138823594606782123e+07 2.645543462113228295e-05 3.779941680493927561e+04
1.149901553396274336e+07 2.652327527700321514e-05 3.770273427984370210e+04
1.161087273538378999e+07 2.659075710994887994e-05 3.760705255082232907e+04
1.172381803286599740e+07 2.665787604188684179e-05 3.751236589249366079e+04
1.183786201091372408e+07 2.672462801354096498e-05 3.741866863379034476e+04
1.195301535699267127e+07 2.679100898509607524e-05 3.732595515742998396e+04
1.206928886253118701e+07 2.685701493685330572e-05 3.723421989939008199e+04
1.218669342393193021e+07 2.692264186988534139e-05 3.714345734838758653e+04
1.230524004359261505e+07 2.698788580669268995e-05 3.705366204536153236e+04
1.242493983093746565e+07 2.705274279185945139e-05 3.696482858296031918e+04
1.254580400345803238e+07 2.711720889270960590e-05 3.687695160503216175e+04
1.266784388776455820e+07 2.718128019996248520e-05 3.679002580612005841e+04
1.279107092064741068e+07 2.724495282838869115e-05 3.670404593095937162e+04
1.291549665014882758e+07 2.730822291746494033e-05 3.661900677397983236e+04
1.304113273664526641e+07 2.737108663202860703e-05 3.653490317881051305e+04
1.316799095393984951e+07 2.743354016293148023e-05 3.645173003778825660e+04
1.329608319036608934e+07 2.749557972769246686e-05 3.636948229146953963e+04
1.342542144990170561e+07 2.755720157114943108e-05 3.628815492814531171e+04
1.355601785329368897e+07 2.761840196610961396e-05 3.620774298335922504e+04
1.368788463919415325e+07 2.767917721399887067e-05 3.612824153942861449e+04
1.382103416530722938e+07 2.773952364550926440e-05 3.604964572496865730e+04
1.395547890954730473e+07 2.779943762124480032e-05 3.597195071441959590e+04
1.409123147120804153e+07 2.785891553236590913e-05 3.589515172757607070e+04
1.422830457214354910e+07 2.791795380123124063e-05 3.581924402911999641e+04
1.436671105796011724e+07 2.797654888203776984e-05 3.574422292815558467e+04
1.450646389922046848e+07 2.803469726145839261e-05 3.567008377774716791e+04
1.464757619265895151e+07 2.809239545927726131e-05 3.559682197445924976e+04
1.479006116240903176e+07 2.814964002902206443e-05 3.552443295789955300e+04
1.493393216124253348e+07 2.820642755859428685e-05 3.545291221026349376e+04
1.507920267182095721e+07 2.826275467089572289e-05 3.538225525588186429e+04
1.522588630795913190e+07 2.831861802445256331e-05 3.531245766077002190e+04
1.537399681590067968e+07 2.837401431403569120e-05 3.524351503217974096e+04
1.552354807560668699e+07 2.842894027127813503e-05 3.517542301815251994e+04
1.567455410205595009e+07 2.848339266528843576e-05 3.510817730707549345e+04
1.582702904655883275e+07 2.853736830326083240e-05 3.504177362723859551e+04
1.598098719808309525e+07 2.859086403108111759e-05 3.497620774639410956e+04
1.613644298459311575e+07 2.864387673392871538e-05 3.491147547131769534e+04
1.629341097440196574e+07 2.869640333687465262e-05 3.484757264737103105e+04
1.645190587753660791e+07 2.874844080547501397e-05 3.478449515806625277e+04
1.661194254711660929e+07 2.879998614636006344e-05 3.472223892463179800e+04
1.677353598074569739e+07 2.885103640781864974e-05 3.466079990557979909e+04
1.693670132191772014e+07 2.890158868037790883e-05 3.460017409627477173e+04
1.710145386143542081e+07 2.895164009737802996e-05 3.454035752850367135e+04
1.726780903884356096e+07 2.900118783554181084e-05 3.448134627004727372e+04
1.743578244387577847e+07 2.905022911553900515e-05 3.442313642425279977e+04
1.760538981791556627e+07 2.909876120254566587e-05 3.436572412960715155e+04
1.777664705547144637e+07 2.914678140679729165e-05 3.430910555931198178e+04
1.794957020566646382e+07 2.919428708413703330e-05 3.425327692085889430e+04
1.812417547374239564e+07 2.924127563655721216e-05 3.419823445560658001e+04
1.830047922257798910e+07 2.928774451273593915e-05 3.414397443835746526e+04
1.847849797422290593e+07 2.933369120856649343e-05 3.409049317693656485e+04
1.865824841144566238e+07 2.937911326768156804e-05 3.403778701176961476e+04
1.883974737929719314e+07 2.942400828197009891e-05 3.398585231546313298e+04
1.902301188668945804e+07 2.946837389208827984e-05 3.393468549238415289e+04
1.920805910798933357e+07 2.951220778796366227e-05 3.388428297824070614e+04
1.939490638462830707e+07 2.955550770929242467e-05 3.383464123966288753e+04
1.958357122672715038e+07 2.959827144602960463e-05 3.378575677378426190e+04
1.977407131473746523e+07 2.964049683887278188e-05 3.373762610782301635e+04
1.996642450109793246e+07 2.968218177973761264e-05 3.369024579866446584e+04
2.016064881190793589e+07 2.972332421222723505e-05 3.364361243244224897e+04
2.035676244861640036e+07 2.976392213209300760e-05 3.359772262412109558e+04
2.055478378972772509e+07 2.980397358768852218e-05 3.355257301707856095e+04
2.075473139252405614e+07 2.984347668041576349e-05 3.350816028268689115e+04
2.095662399480430782e+07 2.988242956516293014e-05 3.346448111989543395e+04
2.116048051664036512e+07 2.992083045073499508e-05 3.342153225481198024e+04
2.136632006214968115e+07 2.995867760027562965e-05 3.337931044028457836e+04
2.157416192128623649e+07 2.999596933168147386e-05 3.333781245548243896e+04
2.178402557164756581e+07 3.003270401800755681e-05 3.329703510547707265e+04
2.199593068030074611e+07 3.006888008786488383e-05 3.325697522082232172e+04
2.220989710562497377e+07 3.010449602580892643e-05 3.321762965713455924e+04
2.242594489917278290e+07 3.013955037271996042e-05 3.317899529467182583e+04
2.264409430754909664e+07 3.017404172617445260e-05 3.314106903791250079e+04
2.286436577430858836e+07 3.020796874080770603e-05 3.310384781513322378e+04
2.308677994187172130e+07 3.024133012866745906e-05 3.306732857798618352e+04
2.331135765345872566e+07 3.027412465955857011e-05 3.303150830107538786e+04
2.353811995504354313e+07 3.030635116137852402e-05 3.299638398153219168e+04
2.376708809732560813e+07 3.033800852044394637e-05 3.296195263858956605e+04
2.399828353772154823e+07 3.036909568180746487e-05 3.292821131315568346e+04
2.423172794237600639e+07 3.039961164956528404e-05 3.289515706738641893e+04
2.446744318819203228e+07 3.042955548715560503e-05 3.286278698425622861e+04
2.470545136488126218e+07 3.045892631764716234e-05 3.283109816712824249e+04
2.494577477703395858e+07 3.048772332401823305e-05 3.280008773932292388e+04
2.518843594620952010e+07 3.051594574942599337e-05 3.276975284368533903e+04
2.543345761304648221e+07 3.054359289746590714e-05 3.274009064215121907e+04
2.568086273939435184e+07 3.057066413242181407e-05 3.271109831531094460e+04
2.593067451046487316e+07 3.059715887950533510e-05 3.268277306197284270e+04
2.618291633700505272e+07 3.062307662508598416e-05 3.265511209872408290e+04
2.643761185749101266e+07 3.064841691691094950e-05 3.262811265949033623e+04
2.669478494034318253e+07 3.067317936431471741e-05 3.260177199509364800e+04
2.695445968616336212e+07 3.069736363841884321e-05 3.257608737280827336e+04
2.721666042999269068e+07 3.072096947232138176e-05 3.255105607591480293e+04
2.748141174359295890e+07 3.074399666127576721e-05 3.252667540325265145e+04
2.774873843774846941e+07 3.076644506286024675e-05 3.250294266876973052e+04
2.801866556459195167e+07 3.078831459713614018e-05 3.247985520107092088e+04
2.829121841995168850e+07 3.080960524679620625e-05 3.245741034296396538e+04
2.856642254572233930e+07 3.083031705730248539e-05 3.243560545100328454e+04
2.884430373225852102e+07 3.085045013701380868e-05 3.241443789503149674e+04
2.912488802079165354e+07 3.087000465730279681e-05 3.239390505771867174e+04
2.940820170587066561e+07 3.088898085266253202e-05 3.237400433409907055e+04
2.969427133782549948e+07 3.090737902080247608e-05 3.235473313110573145e+04
2.998312372525613010e+07 3.092519952273408844e-05 3.233608886710232764e+04
3.027478593754393607e+07 3.094244278284609016e-05 3.231806897141234367e+04
3.056928530738937110e+07 3.095910928896868932e-05 3.230067088384609087e+04
3.086664943337274343e+07 3.097519959242787246e-05 3.228389205422449231e+04
3.116690618254088238e+07 3.099071430808887433e-05 3.226772994190038298e+04
3.147008369301859289e+07 3.100565411438909694e-05 3.225218201527701967e+04
3.177621037664550915e+07 3.102001975336036283e-05 3.223724575132390601e+04
3.208531492163900658e+07 3.103381203064132918e-05 3.222291863508894676e+04
3.239742629528195411e+07 3.104703181547845684e-05 3.220919815920861583e+04
3.271257374663825333e+07 3.105968004071724180e-05 3.219608182341428983e+04
3.303078680929315090e+07 3.107175770278255050e-05 3.218356713403592221e+04
3.335209530412127078e+07 3.108326586164883139e-05 3.217165160350220322e+04
3.367652934208115935e+07 3.109420564079938955e-05 3.216033274983806405e+04
3.400411932703702897e+07 3.110457822717622203e-05 3.214960809615785183e+04
3.433489595860834420e+07 3.111438487111833353e-05 3.213947517015647463e+04
3.466889023504605889e+07 3.112362688629045010e-05 3.212993150359628999e+04
3.500613345613857359e+07 3.113230564960153455e-05 3.212097463179053375e+04
3.534665722614387423e+07 3.114042260111266319e-05 3.211260209308365665e+04
3.569049345675229281e+07 3.114797924393504302e-05 3.210481142832771002e+04
3.603767437007633597e+07 3.115497714411757322e-05 3.209760018035550820e+04
3.638823250167062134e+07 3.116141793052468266e-05 3.209096589344971289e+04
3.674220070358090848e+07 3.116730329470388780e-05 3.208490611280845769e+04
3.709961214742263407e+07 3.117263499074362674e-05 3.207941838400696724e+04
3.746050032748996466e+07 3.117741483512103718e-05 3.207450025245550933e+04
3.782489906389382482e+07 3.118164470653994955e-05 3.207014926285343608e+04
3.819284250573240966e+07 3.118532654575898670e-05 3.206636295863940177e+04
3.856436513429023325e+07 3.118846235541056997e-05 3.206313888143704025e+04
3.893950176627063006e+07 3.119105419980953037e-05 3.206047457049741206e+04
3.931828755705770105e+07 3.119310420475277510e-05 3.205836756213681656e+04
3.970075800401124358e+07 3.119461455730933183e-05 3.205681538917063517e+04
4.008694894979323447e+07 3.119558750560114335e-05 3.205581558034292175e+04
4.047689658572672307e+07 3.119602535857464649e-05 3.205536565975179838e+04
4.087063745518784225e+07 3.119593048576306077e-05 3.205546314627068932e+04
4.126820845702952147e+07 3.119530531703971213e-05 3.205610555296514940e+04
4.166964684904061258e+07 3.119415234236258132e-05 3.205729038650524308e+04
4.207499025143618882e+07 3.119247411150990763e-05 3.205901514657356529e+04
4.248427665038425475e+07 3.119027323380702416e-05 3.206127732526894397e+04
4.289754440156466514e+07 3.118755237784446530e-05 3.206407440650574063e+04
4.331483223376403004e+07 3.118431427118828139e-05 3.206740386540797044e+04
4.373617925250496715e+07 3.118056170008087351e-05 3.207126316769996629e+04
4.416162494371080399e+07 3.117629750913463859e-05 3.207564976909142570e+04
4.459120917740633339e+07 3.117152460101701544e-05 3.208056111465826325e+04
4.502497221145322919e+07 3.116624593612749418e-05 3.208599463821895188e+04
4.546295469532399625e+07 3.116046453226669060e-05 3.209194776170615296e+04
4.590519767391037196e+07 3.115418346429847489e-05 3.209841789453292949e+04
4.635174259137027711e+07 3.114740586380348097e-05 3.210540243295521941e+04
4.680263129501155764e+07 3.114013491872577176e-05 3.211289875942897925e+04
4.725790603921357542e+07 3.113237387301218611e-05 3.212090424196251115e+04
4.771760948938750476e+07 3.112412602624439447e-05 3.212941623346412598e+04
4.818178472597358376e+07 3.111539473326406985e-05 3.213843207108489150e+04
4.865047524847977608e+07 3.110618340379130289e-05 3.214794907555638929e+04
4.912372497955673933e+07 3.109649550203598314e-05 3.215796455052392776e+04
4.960157826911540329e+07 3.108633454630312234e-05 3.216847578187448380e+04
5.008407989848212153e+07 3.107570410859149636e-05 3.217948003705988594e+04
5.057127508459573239e+07 3.106460781418618846e-05 3.219097456441516260e+04
5.106320948424492776e+07 3.105304934124521009e-05 3.220295659247165895e+04
5.155992919834680855e+07 3.104103242038010440e-05 3.221542332926550080e+04
5.206148077626767755e+07 3.102856083423091190e-05 3.222837196164101624e+04
5.256791122018419206e+07 3.101563841703560662e-05 3.224179965454914782e+04
5.307926798948970437e+07 3.100226905419428079e-05 3.225570355034095701e+04
5.359559900524011254e+07 3.098845668182811843e-05 3.227008076805606106e+04
5.411695265464637429e+07 3.097420528633331398e-05 3.228492840270636589e+04
5.464337779560780525e+07 3.095951890393030165e-05 3.230024352455458938e+04
5.517492376129128784e+07 3.094440162020841085e-05 3.231602317838793169e+04
5.571164036475436389e+07 3.092885756966587310e-05 3.233226438278700152e+04
5.625357790361324698e+07 3.091289093524591223e-05 3.234896412938950380e+04
5.680078716475700587e+07 3.089650594786861980e-05 3.236611938214924521e+04
5.735331942910566181e+07 3.087970688595890697e-05 3.238372707659032312e+04
5.791122647641758621e+07 3.086249807497092604e-05 3.240178411905634857e+04
5.847456059014062583e+07 3.084488388690914446e-05 3.242028738595476534e+04
5.904337456231242418e+07 3.082686873984587483e-05 3.243923372299666153e+04
5.961772169850755483e+07 3.080845709743600640e-05 3.245861994443154617e+04
6.019765582283303887e+07 3.078965346842878198e-05 3.247844283227753840e+04
6.078323128297236562e+07 3.077046240617697291e-05 3.249869913554683444e+04
6.137450295527846366e+07 3.075088850814353315e-05 3.251938556946663084e+04
6.197152624991704524e+07 3.073093641540619342e-05 3.254049881469523825e+04
6.257435711605783552e+07 3.071061081215976501e-05 3.256203551653402246e+04
6.318305204711957276e+07 3.068991642521685107e-05 3.258399228413454694e+04
6.379766808606282622e+07 3.066885802350722987e-05 3.260636568970108783e+04
6.441826283073628694e+07 3.064744041757477139e-05 3.262915226768987122e+04
6.504489443927437067e+07 3.062566845907483510e-05 3.265234851400232219e+04
6.567762163554729521e+07 3.060354704026922826e-05 3.267595088517565091e+04
6.631650371466494352e+07 3.058108109352112355e-05 3.269995579756854931e+04
6.696160054853215069e+07 3.055827559078971243e-05 3.272435962654256218e+04
6.761297259146156907e+07 3.053513554312378789e-05 3.274915870564033321e+04
6.827068088583682477e+07 3.051166600015594717e-05 3.277434932575916901e+04
6.893478706783510745e+07 3.048787204959654040e-05 3.279992773432127433e+04
6.960535337320181727e+07 3.046375881672837817e-05 3.282589013443988370e+04
7.028244264308352768e+07 3.043933146390150689e-05 3.285223268408230797e+04
7.096611832991698384e+07 3.041459519002931905e-05 3.287895149522902648e+04
7.165644450337524712e+07 3.038955523008535125e-05 3.290604263302971958e+04
7.235348585637265444e+07 3.036421685460139689e-05 3.293350211495607800e+04
7.305730771112585068e+07 3.033858536916775669e-05 3.296132590995069040e+04
7.376797602527745068e+07 3.031266611393385521e-05 3.298950993757454125e+04
7.448555739807493985e+07 3.028646446311256390e-05 3.301805006714967749e+04
7.521011907661405206e+07 3.025998582448488676e-05 3.304694211690110387e+04
7.594172896213914454e+07 3.023323563890872867e-05 3.307618185309440742e+04
7.668045561640717089e+07 3.020621937982926626e-05 3.310576498917198478e+04
7.742636826811277866e+07 3.017894255279245290e-05 3.313568718488681043e+04
7.817953681937569380e+07 3.015141069496170501e-05 3.316594404543399287e+04
7.894003185229241848e+07 3.012362937463817995e-05 3.319653112058019178e+04
7.970792463554885983e+07 3.009560419078403197e-05 3.322744390379187098e+04
8.048328713110151887e+07 3.006734077255020145e-05 3.325867783136126673e+04
8.126619200091946125e+07 3.003884477880755855e-05 3.329022828153169394e+04
8.205671261379453540e+07 3.001012189768295605e-05 3.332209057362105523e+04
8.285492305221690238e+07 2.998117784609932444e-05 3.335425996714482608e+04
8.366089811931756139e+07 2.995201836932079821e-05 3.338673166093802138e+04
8.447471334587836266e+07 2.992264924050293124e-05 3.341950079227651440e+04
8.529644499741016328e+07 2.989307626024757756e-05 3.345256243599861045e+04
8.612617008130076528e+07 2.986330525616408767e-05 3.348591160362565279e+04
8.696396635402962565e+07 2.983334208243524816e-05 3.351954324248379999e+04
8.780991232845717669e+07 2.980319261939029919e-05 3.355345223482495203e+04
8.866408728118062019e+07 2.977286277308279701e-05 3.358763339694983006e+04
8.952657125996400416e+07 2.974235847487618779e-05 3.362208147833047406e+04
9.039744509123975039e+07 2.971168568103502619e-05 3.365679116073512705e+04
9.127679038768288493e+07 2.968085037232372228e-05 3.369175705735380325e+04
9.216468955586022139e+07 2.964985855361210198e-05 3.372697371192601713e+04
9.306122580395093560e+07 2.961871625348850618e-05 3.376243559787030244e+04
9.396648314954710007e+07 2.958742952388016410e-05 3.379813711741653970e+04
9.488054642752423882e+07 2.955600443968203021e-05 3.383407260074014630e+04
9.580350129799436033e+07 2.952444709839309881e-05 3.387023630510005751e+04
9.673543425433138013e+07 2.949276361976122955e-05 3.390662241397966136e+04
9.767643263127766550e+07 2.946096014543680242e-05 3.394322503623119701e+04
9.862658461312830448e+07 2.942904283863477535e-05 3.398003820522456226e+04
9.958597924199496210e+07 2.939701788380609637e-05 3.401705587800009380e+04
1.005547064261513650e+08 2.936489148631820623e-05 3.405427193442630232e+04
1.015328569484566003e+08 2.933266987214510219e-05 3.409168017636267905e+04
1.025205224748654962e+08 2.930035928756718352e-05 3.412927432682790095e+04
1.035177955630176216e+08 2.926796599888131542e-05 3.416704802917367488e+04
1.045247696709104180e+08 2.923549629212076950e-05 3.420499484626532649e+04
1.055415391656582803e+08 2.920295647278591807e-05 3.424310825966866832e+04
1.065681993323368579e+08 2.917035286558549275e-05 3.428138166884421662e+04
1.076048463829117864e+08 2.913769181418895938e-05 3.431980839034880773e+04
1.086515774652541727e+08 2.910497968099020946e-05 3.435838165704494895e+04
1.097084906722454131e+08 2.907222284688220531e-05 3.439709461731932970e+04
1.107756850509708673e+08 2.903942771104420876e-05 3.443594033430907439e+04
1.118532606120004803e+08 2.900660069074009249e-05 3.447491178513842169e+04
1.129413183387620896e+08 2.897374822112932626e-05 3.451400186016465886e+04
1.140399601970035434e+08 2.894087675509046209e-05 3.455320336223428603e+04
1.151492891443491429e+08 2.890799276305687417e-05 3.459250900595061103e+04
1.162694091399491727e+08 2.887510273286618019e-05 3.463191141695164697e+04
1.174004251542213112e+08 2.884221316962204954e-05 3.467140313120097562e+04
1.185424431786863953e+08 2.880933059556995719e-05 3.471097659429029591e+04
1.196955702359045297e+08 2.877646154998658487e-05 3.475062416075496003e+04
1.208599143895007521e+08 2.874361258908305603e-05 3.479033809340320295e+04
1.220355847542954534e+08 2.871079028592263472e-05 3.483011056265895604e+04
1.232226915065284371e+08 2.867800123035220067e-05 3.486993364592023136e+04
1.244213458941829801e+08 2.864525202894949941e-05 3.490979932693134469e+04
1.256316602474121451e+08 2.861254930498450066e-05 3.494969949517197529e+04
1.268537479890667945e+08 2.857989969839631498e-05 3.498962594526223256e+04
1.280877236453237534e+08 2.854730986578591268e-05 3.502957037638439215e+04
1.293337028564169407e+08 2.851478648042370304e-05 3.506952439172326558e+04
1.305918023874780536e+08 2.848233623227434906e-05 3.510947949792350119e+04
1.318621401394748539e+08 2.844996582803692350e-05 3.514942710456679197e+04
1.331448351602637619e+08 2.841768199120209046e-05 3.518935852366821200e+04
1.344400076557447016e+08 2.838549146212600727e-05 3.522926496919290366e+04
1.357477790011249483e+08 2.835340099812154658e-05 3.526913755659334856e+04
1.370682717522946298e+08 2.832141737356624897e-05 3.530896730236913572e+04
1.384016096573130190e+08 2.828954738002892053e-05 3.534874512364777183e+04
1.397479176680037975e+08 2.825779782641341502e-05 3.538846183778942213e+04
1.411073219516658187e+08 2.822617553912114217e-05 3.542810816201478883e+04
1.424799499028949440e+08 2.819468736223151625e-05 3.546767471305818617e+04
1.438659301555238366e+08 2.816334015770202861e-05 3.550715200684471347e+04
1.452653925946778357e+08 2.813214080558664324e-05 3.554653045819442923e+04
1.466784683689457774e+08 2.810109620427427051e-05 3.558580038055229670e+04
1.481052899026692808e+08 2.807021327074634640e-05 3.562495198574640381e+04
1.495459909083537757e+08 2.803949894085505242e-05 3.566397538377357705e+04
1.510007063992004693e+08 2.800896016962125428e-05 3.570286058261484868e+04
1.524695727017569840e+08 2.797860393155367754e-05 3.574159748807985306e+04
1.539527274686944485e+08 2.794843722098841192e-05 3.578017590368276433e+04
1.554503096917053461e+08 2.791846705245041140e-05 3.581858553054866206e+04
1.569624597145302296e+08 2.788870046103599740e-05 3.585681596735298081e+04
1.584893192461110950e+08 2.785914450281758465e-05 3.589485671029357036e+04
