1.000000000000000000e+04 3.107420310388585913e-22 3.218103443093441741e+21
1.009727545900835685e+04 3.892693057273367957e-22 2.568915620335215706e+21
1.019549716950924449e+04 4.869730351634150130e-22 2.053501791253035221e+21
1.029467433620748670e+04 6.083691005295479324e-22 1.643738972162723938e+21
1.039481625334710043e+04 7.589964425228028844e-22 1.317529231989722317e+21
1.049593230558226605e+04 9.456394037752358067e-22 1.057485544709476581e+21
1.059803196885688340e+04 1.176596272554499508e-21 8.499092027793929667e+20
1.070112481129246225e+04 1.462003169627005942e-21 6.839930451417046712e+20
1.080522049408488238e+04 1.814224134066000228e-21 5.511998111053794509e+20
1.091032877240974449e+04 2.248320280186052074e-21 4.447764888360338063e+20
1.101645949633656892e+04 2.782613266520169987e-21 3.593744096715824824e+20
1.112362261175188178e+04 3.439361096244175841e-21 2.907516750980326687e+20
1.123182816129124876e+04 4.245567522725226429e-21 2.355397705129656648e+20
1.134108628528053305e+04 5.233950139756055512e-21 1.910602839725576684e+20
1.145140722268591526e+04 6.444096680455252696e-21 1.551807878725608407e+20
1.156280131207375416e+04 7.923844231261023726e-21 1.262013702963538657e+20
1.167527899257919489e+04 9.730922101597517726e-21 1.027651839732465664e+20
1.178885080488457243e+04 1.193490610535988505e-20 8.378783973431569613e+19
1.190352739220719195e+04 1.461954015505490680e-20 6.840160424979141427e+19
1.201931950129674260e+04 1.788549051124404779e-20 5.591124265623753523e+19
1.213623798344241732e+04 2.185360895957587129e-20 4.575903237995010458e+19
1.225429379548979523e+04 2.666879382133418911e-20 3.749700892734157619e+19
1.237349800086777395e+04 3.250455228571152458e-20 3.076492151653428019e+19
1.249386177062508978e+04 3.956838435930772211e-20 2.527270234031601664e+19
1.261539638447754260e+04 4.810812807246807848e-20 2.078650822774982246e+19
1.273811323186478512e+04 5.841942781405240553e-20 1.711759319490384896e+19
1.286202381301779315e+04 7.085451318090426461e-20 1.411342700847892070e+19
1.298713974003656585e+04 8.583250496874701803e-20 1.165059787506045542e+19
1.311347273797833986e+04 1.038514983941846323e-19 9.629134056442241024e+18
1.324103464595638252e+04 1.255027118784749590e-19 7.967955313733029888e+18
1.336983741824945173e+04 1.514870333637557543e-19 6.601225054020078592e+18
1.349989312542218613e+04 1.826343458634271294e-19 5.475421368704624640e+18
1.363121395545610721e+04 2.199260705416516482e-19 4.546982527069752832e+18
1.376381221489191921e+04 2.645214299288695217e-19 3.780412045515187712e+18
1.389770032998276474e+04 3.177880068624157417e-19 3.146751854713458176e+18
1.403289084785873092e+04 3.813372574467849405e-19 2.622350637059240448e+18
1.416939643770269504e+04 4.570657299231384046e-19 2.187869128075217920e+18
1.430722989193755711e+04 5.472028471089413969e-19 1.827475871668687360e+18
1.444640412742521949e+04 6.543662294355459522e-19 1.528196222568815360e+18
1.458693218667674046e+04 7.816256701363276515e-19 1.279384797873366272e+18
1.472882723907501713e+04 9.325770255370048492e-19 1.072297486016418816e+18
1.487210258210860047e+04 1.111427453556116358e-18 8.997438355516648960e+17
1.501677164261799953e+04 1.323093624499305732e-18 7.558044128422332160e+17
1.516284797805393464e+04 1.573314742281935955e-18 6.356007308172806400e+17
1.531034527774784874e+04 1.868782453798962569e-18 5.351077638636565760e+17
1.545927736419478606e+04 2.217289991964489880e-18 4.510009983466407680e+17
1.560965819434870900e+04 2.627903196877598243e-18 3.805315207912423680e+17
1.576150186093062621e+04 3.111156392807463322e-18 3.214238931581366400e+17
1.591482259374890418e+04 3.679276469658468301e-18 2.717925679808524480e+17
1.606963476103325411e+04 4.346438929992273638e-18 2.300734040226760320e+17
1.622595287078087131e+04 5.129060120557493159e-18 1.949674943352598080e+17
1.638379157211618985e+04 6.046130374936376650e-18 1.653950441005041920e+17
1.654316565666367751e+04 7.119593356014477085e-18 1.404574601378352480e+17
1.670409005993400206e+04 8.374777508516126835e-18 1.194061572361919040e+17
1.686657986272370545e+04 9.840886218183838317e-18 1.016168643584370880e+17
1.703065029252842578e+04 1.155155403105630941e-17 8.656843895734753600e+16
1.719631672497011459e+04 1.354547711983882270e-17 7.382538032088891200e+16
1.736359468523753458e+04 1.586712710110470460e-17 6.302338120997201600e+16
1.753249984954169122e+04 1.856755831396310754e-17 5.385737764173244800e+16
1.770304804658450303e+04 2.170531977525871178e-17 4.607165479957001600e+16
1.787525525904235474e+04 2.534748423616429697e-17 3.945164698330333600e+16
1.804913762506384592e+04 2.957080808844765686e-17 3.381713468935153200e+16
1.822471143978215696e+04 3.446303731449219529e-17 2.901659510955193200e+16
1.840199315684212343e+04 4.012437625248424018e-17 2.492250580314221200e+16
1.858099938994213153e+04 4.666913766676800893e-17 2.142743684574391600e+16
1.876174691439119488e+04 5.422759448324873575e-17 1.844079586286842800e+16
1.894425266868079780e+04 6.294805558160389618e-17 1.588611420576178200e+16
1.912853375607242197e+04 7.299919024086047281e-17 1.369878209197259400e+16
1.931460744620030164e+04 8.457262822422904500e-17 1.182415659767224600e+16
1.950249117668984036e+04 9.788586507480969281e-17 1.021597959251568800e+16
1.969220255479173647e+04 1.131855049882917925e-16 8.835053570715107000e+15
1.988375935903198479e+04 1.307508766448428243e-16 7.648132277661810000e+15
2.007717954087818362e+04 1.508980606330577958e-16 6.626990405342070000e+15
2.027248122642135422e+04 1.739843705977596676e-16 5.747642713907525000e+15
2.046968271807520068e+04 2.004133340042320985e-16 4.989687961475074000e+15
2.066880249629082027e+04 2.306402224482943546e-16 4.335757177931890000e+15
2.086985922128879974e+04 2.651781857687200865e-16 3.771049255432224500e+15
2.107287173480786441e+04 3.046050488503468913e-16 3.282939674750112500e+15
2.127785906187063301e+04 3.495708349574481289e-16 2.860650546324112000e+15
2.148484041256649289e+04 4.008060847219490762e-16 2.494972102765678500e+15
2.169383518385182106e+04 4.591310455447785031e-16 2.178027405690803250e+15
2.190486296136795136e+04 5.254658121653667834e-16 1.903073381461580000e+15
2.211794352127612729e+04 6.008415055282819476e-16 1.664332425105624750e+15
2.233309683211143420e+04 6.864125838416921365e-16 1.456849748300405250e+15
2.255034305665360807e+04 7.834703868927907047e-16 1.276372428019846750e+15
2.276970255381679817e+04 8.934580222746041853e-16 1.119246763775377625e+15
2.299119588055742861e+04 1.017986710198432243e-15 9.823310952704616250e+14
2.321484379380065729e+04 1.158853712029593573e-15 8.629216868526223750e+14
2.344066725238558502e+04 1.318061976600965403e-15 7.586896653970797500e+14
2.366868741902933471e+04 1.497841647741030334e-15 6.676273166179815000e+14
2.389892566231052842e+04 1.700673586307770087e-15 5.880023115846937500e+14
2.413140355867126345e+04 1.929315070357082682e-15 5.183186589709878125e+14
2.436614289443983216e+04 2.186827847899049698e-15 4.572833663887761875e+14
2.460316566787181728e+04 2.476608728013462915e-15 4.037779519585719375e+14
2.484249409121190547e+04 2.802422907911432138e-15 3.568340799587854375e+14
2.508415059277541150e+04 3.168440245843323294e-15 3.156127060663050000e+14
2.532815781905005861e+04 3.579274702565057183e-15 2.793862117605442188e+14
2.557453863681853181e+04 4.040027187383260824e-15 2.475230867561818125e+14
2.582331613530082905e+04 4.556332058598568928e-15 2.194747852305520312e+14
2.607451362831876031e+04 5.134407542451749906e-15 1.947644381035024375e+14
2.632815465648020108e+04 5.781110349436121156e-15 1.729771513698122188e+14
2.658426298938541368e+04 6.503994782061823789e-15 1.537516608651077812e+14
2.684286262785454892e+04 7.311376643830772363e-15 1.367731480286663438e+14
2.710397780617683384e+04 8.212402275278909144e-15 1.217670501858164375e+14
2.736763299438165268e+04 9.217123059457144990e-15 1.084937234264176562e+14
2.763385290053167046e+04 1.033657575611527459e-14 9.674383699150900000e+13
2.790266247303859200e+04 1.158286904110885502e-14 8.633439577456084375e+13
2.817408690300054514e+04 1.296927664512947002e-14 7.710530258258803125e+13
2.844815162656362008e+04 1.451033750373281909e-14 6.891638459427616406e+13
2.872488232730495292e+04 1.622196334876649687e-14 6.164481934155270312e+13
2.900430493863991796e+04 1.812155418964195066e-14 5.518290481793152344e+13
2.928644564625237399e+04 2.022812215140205652e-14 4.943612622641235938e+13
2.957133089054862285e+04 2.256242415516540555e-14 4.432147862848600781e+13
2.985898736913524044e+04 2.514710394522260276e-14 3.976601051867756250e+13
3.014944203932091477e+04 2.800684398575866785e-14 3.570555827384530469e+13
3.044272212064305859e+04 3.116852776883406955e-14 3.208364563821062891e+13
3.073885509741793794e+04 3.466141309378766549e-14 2.885052600983625391e+13
3.103786872131721248e+04 3.851731689658807862e-14 2.596234838176335547e+13
3.133979101396794067e+04 4.277081222575127494e-14 2.338043043751046875e+13
3.164465026957891314e+04 4.745943797922858623e-14 2.107062457076855078e+13
3.195247505759213527e+04 5.262392203402504899e-14 1.900276454790712891e+13
3.226329422536017228e+04 5.830841841720196445e-14 1.715018220602230078e+13
3.257713690084953487e+04 6.456075918322340917e-14 1.548928501850482422e+13
3.289403249537028751e+04 7.143272167826101663e-14 1.399918659832232031e+13
3.321401070633265772e+04 7.898031188698320711e-14 1.266138327525154492e+13
3.353710152002928953e+04 8.726406457143467038e-14 1.145947080176853906e+13
3.386333521444636426e+04 9.634936092474347349e-14 1.037889603420493555e+13
3.419274236210027448e+04 1.063067644745135724e-13 9.406739119030794922e+12
3.452535383290305617e+04 1.172123759817747269e-13 8.531522304056778320e+12
3.486120079705521493e+04 1.291482080911111672e-13 7.743042004071185547e+12
3.520031472796675371e+04 1.422025804960866079e-13 7.032221191144416992e+12
3.554272740520698426e+04 1.564705363911050372e-13 6.390979561164509766e+12
3.588847091748195817e+04 1.720542809863997748e-13 5.812119258334792969e+12
3.623757766564257327e+04 1.890636428667681441e-13 5.289224225435522461e+12
3.659008036572021228e+04 2.076165589769116419e-13 4.816571495683090820e+12
3.694601205199302058e+04 2.278395840166161023e-13 4.389052957220423340e+12
3.730540608008161507e+04 2.498684250276040471e-13 4.002106308108060059e+12
3.766829613007493026e+04 2.738485019504094711e-13 3.651654082011693848e+12
3.803471620968650677e+04 2.999355349240974038e-13 3.334049765904073242e+12
3.840470065744141175e+04 3.282961590940092894e-13 3.046030153869832031e+12
3.877828414589461318e+04 3.591085676828092808e-13 2.784673187979387207e+12
3.915550168487937481e+04 3.925631840678581712e-13 2.547360630300830078e+12
3.953638862478928786e+04 4.288633635934347487e-13 2.331744991274205566e+12
3.992098065989020688e+04 4.682261258291998943e-13 2.135720210462542969e+12
4.030931383166566957e+04 5.108829179668752457e-13 1.957395647479523193e+12
4.070142453219438903e+04 5.570804100249010441e-13 1.795072994857781494e+12
4.109734950756071339e+04 6.070813225062945398e-13 1.647225771782216797e+12
4.149712586129819829e+04 6.611652871275427489e-13 1.512481098855835693e+12
4.190079105786664877e+04 7.196297412062973243e-13 1.389603490155541748e+12
4.230838292616346007e+04 7.827908562631514136e-13 1.277480430435468994e+12
4.271993966306776565e+04 8.509845013572869090e-13 1.175109533023268066e+12
4.313549983702119061e+04 9.245672416376145633e-13 1.081587098228547729e+12
4.355510239164131053e+04 1.003917372550508914e-12 9.960979133765195312e+11
4.397878664937159920e+04 1.089435990101390288e-12 9.179061542724812012e+11
4.440659231516642467e+04 1.181548097521614881e-12 8.463472643200683594e+11
4.483855948021181393e+04 1.280703748643227026e-12 7.808207019456267090e+11
4.527472862568302662e+04 1.387379228232558269e-12 7.207834596701744385e+11
4.571514062653714063e+04 1.502078269480149871e-12 6.657442693356367188e+11
4.615983675534503709e+04 1.625333308787909059e-12 6.152584178230797119e+11
4.660885868615764775e+04 1.757706777935454115e-12 5.689231062615391846e+11
4.706224849841281684e+04 1.899792433647106726e-12 5.263732933604017334e+11
4.752004868087766226e+04 2.052216724516903138e-12 4.872779702326041260e+11
4.798230213563085272e+04 2.215640195184552062e-12 4.513368200186063843e+11
4.844905218208296719e+04 2.390758927587029972e-12 4.182772208694794312e+11
4.892034256103607186e+04 2.578306019041964535e-12 3.878515554843157959e+11
4.939621743878325651e+04 2.779053096847510207e-12 3.598347944968649292e+11
4.987672141124658083e+04 2.993811869011216420e-12 3.340223246326683350e+11
5.036189950815767952e+04 3.223435710646404362e-12 3.102279957677416382e+11
5.085179719727656629e+04 3.468821285499230329e-12 2.882823638624209595e+11
5.134646038865306036e+04 3.730910201993363122e-12 2.680311092627521667e+11
5.184593543892913294e+04 4.010690703102300244e-12 2.493336120949172974e+11
5.235026915568308323e+04 4.309199389281018718e-12 2.320616684592188416e+11
5.285950880181609682e+04 4.627522973610758398e-12 2.160983328883878479e+11
5.337370209998128121e+04 4.966800068231612655e-12 2.013368740964927979e+11
5.389289723705649521e+04 5.328223001058858437e-12 1.876798324321773987e+11
5.441714286865887698e+04 5.713039661700670763e-12 1.750381686834496155e+11
5.494648812370609085e+04 6.122555375416023250e-12 1.633304949785040894e+11
5.548098260901917092e+04 6.558134803873974777e-12 1.524823795035879822e+11
5.602067641397187253e+04 7.021203871398507136e-12 1.424257176285092773e+11
5.656562011518465442e+04 7.513251715306944814e-12 1.330981628051505127e+11
5.711586478126434668e+04 8.035832658875646777e-12 1.244426112949840088e+11
5.767146197759002825e+04 8.590568205392763198e-12 1.164067353975777893e+11
5.823246377114521601e+04 9.179149051686328016e-12 1.089425604017495575e+11
5.879892273539790767e+04 9.803337119446959707e-12 1.020060809717837677e+11
5.937089195522606315e+04 1.046496760259601933e-11 9.555691311953344727e+10
5.994842503189409035e+04 1.116595102888497480e-11 8.955797830503823853e+10
6.053157608807464567e+04 1.190827533385077717e-11 8.397521655863748169e+10
6.112039977292132971e+04 1.269400794518902747e-11 7.877732583104263306e+10
6.171495126718984829e+04 1.352529787555395870e-11 7.393552505837457275e+10
6.231528628840915189e+04 1.440437782173790785e-11 6.942333868047267151e+10
6.292146109610350686e+04 1.533356626813382731e-11 6.521640057591801453e+10
6.353353249706337374e+04 1.631526959233819230e-11 6.129227557904464722e+10
6.415155785067079705e+04 1.735198417070891912e-11 5.763029692523888397e+10
6.477559507427331846e+04 1.844629848165501194e-11 5.421141813326439667e+10
6.540570264861226315e+04 1.960089520439832477e-11 5.101807797919382477e+10
6.604193962330305658e+04 2.081855331091954086e-11 4.803407734751145935e+10
6.668436562236896134e+04 2.210215014877418495e-11 4.524446686267133331e+10
6.733304084982867062e+04 2.345466351244393161e-11 4.263544431023056030e+10
6.798802609533807845e+04 2.487917370087065951e-11 4.019426095188219452e+10
6.864938273988784931e+04 2.637886555881070109e-11 3.790913592438375092e+10
6.931717276155400032e+04 2.795703049963845216e-11 3.576917798951974487e+10
6.999145874130817538e+04 2.961706850723126570e-11 3.376431397171672058e+10
7.067230386888071371e+04 3.136249011456287177e-11 3.188522328256261826e+10
7.135977194868306105e+04 3.319691835665021439e-11 3.012327798793027878e+10
7.205392740578704979e+04 3.512409069550425079e-11 2.847048792434635544e+10
7.275483529196232848e+04 3.714786091476364086e-11 2.691945041719941711e+10
7.346256129177263938e+04 3.927220098170210689e-11 2.546330419489156723e+10
7.417717172873116215e+04 4.150120287434121784e-11 2.409568713051124573e+10
7.489873357151672826e+04 4.383908037142848337e-11 2.281069747648575592e+10
7.562731444024796656e+04 4.629017080308102575e-11 2.160285828829650879e+10
7.636298261282242311e+04 4.885893675994208569e-11 2.046708476103943253e+10
7.710580703131336486e+04 5.154996775874547833e-11 1.939865422768086243e+10
7.785585730843145575e+04 5.436798186223993874e-11 1.839317859055069351e+10
7.861320373404814745e+04 5.731782725147798431e-11 1.744657897816973114e+10
7.937791728178285121e+04 6.040448374855478426e-11 1.655506243812448120e+10
8.015006961565413803e+04 6.363306428792986364e-11 1.571510049359171677e+10
8.092973309679541853e+04 6.700881633455680285e-11 1.492340940641708755e+10
8.171698079023705213e+04 7.053712324711264338e-11 1.417693200354515266e+10
8.251188647175162623e+04 7.422350558470560913e-11 1.347282093620297241e+10
8.331452463477014680e+04 7.807362235552988378e-11 1.280842325268607140e+10
8.412497049736118061e+04 8.209327220601469488e-11 1.218126617599649620e+10
8.494330000928071968e+04 8.628839454912352362e-11 1.158904398703009033e+10
8.576958985908946488e+04 9.066507063054245491e-11 1.102960592260465050e+10
8.660391748133943474e+04 9.522952453161592596e-11 1.050094500543266869e+10
8.744636106383152946e+04 9.998812410796642927e-11 1.000118773025691986e+10
8.829699955494083406e+04 1.049473818628679796e-10 9.528584536836507797e+09
8.915591267101759149e+04 1.101139557545319342e-10 9.081501006368516922e+09
9.002318090385581309e+04 1.154946499365926923e-10 8.658409723298927307e+09
9.089888552823731152e+04 1.210964154311779552e-10 8.257882749372746468e+09
9.178310860954805685e+04 1.269263507340747859e-10 7.878584661234878540e+09
9.267593301146883459e+04 1.329917023516231931e-10 7.519266106963964462e+09
9.357744240374067158e+04 1.392998652690695677e-10 7.178757840636921883e+09
9.448772127000568435e+04 1.458583833502629140e-10 6.855965197410762787e+09
9.540685491572522733e+04 1.526749496686637865e-10 6.549862974706766129e+09
9.633492947617212485e+04 1.597574067697776009e-10 6.259490687909543991e+09
9.727203192450536881e+04 1.671137468652540133e-10 5.983948171578685760e+09
9.821825007991856546e+04 1.747521119589841671e-10 5.722391499535689354e+09
9.917367261587073153e+04 1.826807939056809009e-10 5.474029199349250793e+09
1.001383890683960781e+05 1.909082344025411037e-10 5.238118738720520020e+09
1.011124898444946448e+05 1.994430249146875576e-10 5.013963263081039429e+09
1.020960662306047598e+05 2.082939065352515185e-10 4.800908565372557640e+09
1.030892104011575138e+05 2.174697697810215454e-10 4.598340270497998238e+09
1.040920154272159125e+05 2.269796543247515430e-10 4.405681218322978973e+09
1.051045752851944417e+05 2.368327486653050965e-10 4.222389030383683205e+09
1.061269848656690156e+05 2.470383897369425244e-10 4.047953846626204014e+09
1.071593399822671199e+05 2.576060624591492085e-10 3.881896219575882435e+09
1.082017373806478863e+05 2.685453992285413754e-10 3.723765154319272518e+09
1.092542747475683136e+05 2.798661793544771200e-10 3.573136283585752487e+09
1.103170507200378051e+05 2.915783284400873898e-10 3.429610168046068668e+09
1.113901648945617926e+05 3.036919177105805631e-10 3.292810712707222462e+09
1.124737178364750725e+05 3.162171632907435600e-10 3.162383690984405041e+09
1.135678110893670382e+05 3.291644254336567183e-10 3.037995368674950123e+09
1.146725471845963039e+05 3.425442077027644211e-10 2.919331220651464462e+09
1.157880296509002219e+05 3.563671561094664643e-10 2.806094733637088299e+09
1.169143630240966741e+05 3.706440582085666920e-10 2.698006288926627636e+09
1.180516528568805516e+05 3.853858421539035352e-10 2.594802119380012989e+09
1.192000057287153904e+05 4.006035757166493727e-10 2.496233335439095497e+09
1.203595292558213550e+05 4.163084652687457278e-10 2.402065015311315536e+09
1.215303321012603410e+05 4.325118547341135769e-10 2.312075354824088097e+09
1.227125239851189108e+05 4.492252245102474385e-10 2.226054872787288666e+09
1.239062156947915646e+05 4.664601903629095485e-10 2.143805668007794142e+09
1.251115190953615092e+05 4.842285022967170455e-10 2.065140724383129120e+09
1.263285471400849201e+05 5.025420434043683028e-10 1.989883260763028860e+09
1.275574138809759897e+05 5.214128286974438118e-10 1.917866122508202076e+09
1.287982344794950914e+05 5.408530039216223114e-10 1.848931211898963690e+09
1.300511252173409885e+05 5.608748443592905284e-10 1.782928954751642466e+09
1.313162035073477309e+05 5.814907536224508147e-10 1.719717800791168213e+09
1.325935879044892208e+05 6.027132624390388422e-10 1.659163755503297091e+09
1.338833981169863837e+05 6.245550274355210532e-10 1.601139941353269815e+09
1.351857550175292126e+05 6.470288299189328334e-10 1.545526186407012939e+09
1.365007806546013744e+05 6.701475746613372224e-10 1.492208638530633450e+09
1.378285982639189169e+05 6.939242886897971960e-10 1.441079403472252369e+09
1.391693322799790476e+05 7.183721200849023406e-10 1.392036205249464273e+09
1.405231083477212233e+05 7.435043367909493652e-10 1.344982067375848293e+09
1.418900533343017742e+05 7.693343254407914200e-10 1.299825013562274456e+09
1.432702953409829352e+05 7.958755901984386089e-10 1.256477786623241186e+09
1.446639637151389616e+05 8.231417516224782230e-10 1.214857584406233788e+09
1.460711890623744985e+05 8.511465455532478798e-10 1.174885811643630505e+09
1.474921032587684167e+05 8.799038220268946171e-10 1.136487846701766729e+09
1.489268394632288837e+05 9.094275442191800224e-10 1.099592822272151470e+09
1.503755321299738425e+05 9.397317874220644609e-10 1.064133419114476562e+09
1.518383170211307588e+05 9.708307380559456847e-10 1.030045672021535635e+09
1.533153312194594764e+05 1.002738692720505786e-09 9.972687872320201397e+08
1.548067131411985902e+05 1.035470057286872201e-09 9.657449705693948269e+08
1.563126025490367902e+05 1.069039346034111775e-09 9.354192656329894066e+08
1.578331405652116518e+05 1.103461180832613862e-09 9.062394014127914906e+08
1.593684696847328159e+05 1.138750290377228968e-09 8.781556487408088446e+08
1.609187337887370086e+05 1.174921509472694918e-09 8.511206850309517384e+08
1.624840781579713221e+05 1.211989778374123899e-09 8.250894667952507734e+08
1.640646494864079577e+05 1.249970142184957035e-09 8.000191094580808878e+08
1.656605958949915075e+05 1.288877750314962776e-09 7.758687740211436749e+08
1.672720669455195020e+05 1.328727856000696718e-09 7.525995601611558199e+08
1.688992136546600668e+05 1.369535815890813009e-09 7.301744053692755699e+08
1.705421885081004875e+05 1.411317089698539305e-09 7.085579897665678263e+08
1.722011454748420219e+05 1.454087239923502957e-09 6.877166462533625364e+08
1.738762400216250389e+05 1.497861931645240887e-09 6.676182756721824408e+08
1.755676291275001422e+05 1.542656932390271452e-09 6.482322666845628023e+08
1.772754712985388178e+05 1.588488112075029322e-09 6.295294200809019804e+08
1.789999265826876217e+05 1.635371443026408719e-09 6.114818772604992390e+08
1.807411565847669553e+05 1.683323000081949465e-09 5.940630526353627443e+08
1.824993244816150400e+05 1.732358960771438691e-09 5.772475697269397974e+08
1.842745950373818632e+05 1.782495605581744505e-09 5.610112007393335104e+08
1.860671346189655305e+05 1.833749318306372791e-09 5.453308094061554670e+08
1.878771112116085133e+05 1.886136586481635832e-09 5.301842969206071496e+08
1.897046944346358359e+05 1.939674001910697689e-09 5.155505507703555822e+08
1.915500555573527818e+05 1.994378261277120127e-09 5.014093963096247911e+08
1.934133675150945783e+05 2.050266166849155199e-09 4.877415509113131166e+08
1.952948049254328653e+05 2.107354627276241392e-09 4.745285805514857173e+08
1.971945441045397893e+05 2.165660658478797264e-09 4.617528586876670122e+08
1.991127630837106844e+05 2.225201384632508051e-09 4.493975273007256389e+08
2.010496416260497062e+05 2.285994039248200034e-09 4.374464599780287743e+08
2.030053612433136732e+05 2.348055966348373026e-09 4.258842269229086637e+08
2.049801052129237505e+05 2.411404621741138335e-09 4.146960617824298739e+08
2.069740585951406101e+05 2.476057574392648716e-09 4.038678301918281317e+08
2.089874082504071121e+05 2.542032507898647301e-09 3.933859999401198626e+08
2.110203428568596428e+05 2.609347222055984620e-09 3.832376126669985056e+08
2.130730529280098563e+05 2.678019634534669908e-09 3.734102570064834356e+08
2.151457308305982733e+05 2.748067782651015882e-09 3.638920430977566242e+08
2.172385708026213397e+05 2.819509825242650809e-09 3.546715783882535696e+08
2.193517689715357847e+05 2.892364044645375528e-09 3.457379446585559845e+08
2.214855233726359147e+05 2.966648848772835719e-09 3.370806762025958896e+08
2.236400339676138829e+05 3.042382773298923387e-09 3.286897391006713510e+08
2.258155026632983063e+05 3.119584483943248765e-09 3.205555115263202786e+08
2.280121333305758308e+05 3.198272778860180206e-09 3.126687650314761996e+08
2.302301318234964856e+05 3.278466591131201397e-09 3.050206467575929165e+08
2.324697059985645465e+05 3.360184991360978429e-09 2.976026625233419538e+08
2.347310657342198538e+05 3.443447190377053148e-09 2.904066607423421144e+08
2.370144229505010881e+05 3.528272542033305899e-09 2.834248171269985437e+08
2.393199916289121902e+05 3.614680546116946138e-09 2.766496201370396018e+08
2.416479878324700694e+05 3.702690851358946928e-09 2.700738571336529255e+08
2.439986297259550192e+05 3.792323258548149583e-09 2.636906012022928596e+08
2.463721375963552855e+05 3.883597723748213319e-09 2.574931986093710363e+08
2.487687338735108497e+05 3.976534361617703995e-09 2.514752568598923385e+08
2.511886431509582035e+05 4.071153448832952186e-09 2.456306333249764144e+08
2.536320922069773078e+05 4.167475427613083361e-09 2.399534244099307954e+08
2.560993100258462073e+05 4.265520909347275181e-09 2.344379552351141870e+08
2.585905278192944534e+05 4.365310678323491659e-09 2.290787698034020662e+08
2.611059790481779783e+05 4.466865695558661920e-09 2.238706216294537485e+08
2.636458994443517877e+05 4.570207102729478044e-09 2.188084648073753715e+08
2.662105270327638718e+05 4.675356226203730091e-09 2.138874454946023524e+08
2.688001021537607303e+05 4.782334581171200582e-09 2.091028937910694182e+08
2.714148674856108264e+05 4.891163875874052272e-09 2.044503159938184917e+08
2.740550680672463495e+05 5.001866015936008575e-09 1.999253872082913518e+08
2.767209513212265447e+05 5.114463108789616942e-09 1.955239442985558808e+08
2.794127670769267133e+05 5.228977468201045092e-09 1.912419791596531272e+08
2.821307675939470646e+05 5.345431618892115642e-09 1.870756322961359322e+08
2.848752075857552118e+05 5.463848301258509583e-09 1.830211866917436421e+08
2.876463442435557954e+05 5.584250476183715072e-09 1.790750619559245408e+08
2.904444372603925876e+05 5.706661329948219475e-09 1.752338087336740196e+08
2.932697488554854644e+05 5.831104279232859356e-09 1.714941033658825457e+08
2.961225437988037593e+05 5.957602976216181218e-09 1.678527427880271971e+08
2.990030894358788501e+05 6.086181313764641668e-09 1.643066396557030082e+08
3.019116557128574350e+05 6.216863430715328581e-09 1.608528176860622168e+08
3.048485152018016088e+05 6.349673717250314003e-09 1.574884072048104703e+08
3.078139431262287544e+05 6.484636820361954750e-09 1.542106408889345825e+08
3.108082173869063845e+05 6.621777649408583992e-09 1.510168496958386898e+08
3.138316185878944816e+05 6.761121381759548263e-09 1.479044589700525403e+08
3.168844300628417986e+05 6.902693468529308671e-09 1.448709847191085815e+08
3.199669379015382729e+05 7.046519640399693911e-09 1.419140300506247878e+08
3.230794309767246596e+05 7.192625913529481225e-09 1.390312817630316317e+08
3.262222009711673018e+05 7.341038595550890874e-09 1.362205070827525556e+08
3.293955424049853464e+05 7.491784291651976707e-09 1.334795505410227031e+08
3.325997526632605586e+05 7.644889910744447111e-09 1.308063309838586897e+08
3.358351320238990011e+05 7.800382671716297620e-09 1.281988387090210170e+08
3.391019836857747287e+05 7.958290109768146757e-09 1.256551327241240293e+08
3.424006137971425778e+05 8.118640082833031913e-09 1.231733381203229874e+08
3.457313314843286062e+05 8.281460778079149120e-09 1.207516435562888533e+08
3.490944488806994632e+05 8.446780718493745842e-09 1.183882988474599421e+08
3.524902811559127294e+05 8.614628769549352994e-09 1.160816126557606459e+08
3.559191465454560821e+05 8.785034145949906057e-09 1.138299502752669305e+08
3.593813663804625394e+05 8.958026418457331016e-09 1.116317315094735771e+08
3.628772651178335655e+05 9.133635520797372546e-09 1.094854286360552460e+08
3.664071703706370899e+05 9.311891756644136703e-09 1.073895644552020282e+08
3.699714129388128058e+05 9.492825806683146296e-09 1.053427104177956432e+08
3.735703268401721143e+05 9.676468735751487831e-09 1.033434848298859894e+08
3.772042493417001097e+05 9.862852000055491755e-09 1.013905511300761402e+08
3.808735209911618149e+05 1.005200745446431147e-08 9.948261623660840094e+07
3.845784856490154634e+05 1.024396735987970557e-08 9.761842896107615530e+07
3.883194905206402182e+05 1.043876439068095778e-08 9.579677848584590852e+07
3.920968861888688989e+05 1.063643164224452617e-08 9.401649290240514278e+07
3.959110266468458576e+05 1.083700263853789528e-08 9.227643780798393488e+07
3.997622693312000483e+05 1.104051133978719965e-08 9.057551495792172849e+07
4.036509751555416151e+05 1.124699215021768718e-08 8.891266097137311101e+07
4.075775085442842101e+05 1.145647992586725389e-08 8.728684608804917336e+07
4.115422374667961849e+05 1.166900998247160939e-08 8.569707297381113470e+07
4.155455334718879312e+05 1.188461810342132744e-08 8.414237557302084565e+07
4.195877717226221575e+05 1.210334054779018975e-08 8.262181800565616786e+07
4.236693310314833652e+05 1.232521405843361664e-08 8.113449350729472935e+07
4.277905938958685147e+05 1.255027587015797559e-08 7.967952341014258564e+07
4.319519465339363669e+05 1.277856371795883030e-08 7.825605616338655353e+07
4.361537789208005415e+05 1.301011584532913780e-08 7.686326639120724797e+07
4.403964848250756040e+05 1.324497101263554898e-08 7.550035398688389361e+07
4.446804618457782781e+05 1.348316850556341643e-08 7.416654324147774279e+07
4.490061114495869842e+05 1.372474814362949210e-08 7.286108200565867126e+07
4.533738390084695420e+05 1.396975028876193098e-08 7.158324088330034912e+07
4.577840538376616314e+05 1.421821585394722199e-08 7.033231245553095639e+07
4.622371692340381560e+05 1.447018631194373170e-08 6.910761053398443758e+07
4.667336025148346671e+05 1.472570370406096595e-08 6.790846944205634296e+07
4.712737750567601179e+05 1.498481064900433415e-08 6.673424332301756740e+07
4.758581123354849406e+05 1.524755035178532713e-08 6.558430547388948500e+07
4.804870439655134105e+05 1.551396661269586426e-08 6.445804770403782278e+07
4.851610037404448376e+05 1.578410383634675378e-08 6.335487971748233587e+07
4.898804296736245160e+05 1.605800704076993527e-08 6.227422851796513051e+07
4.946457640391968889e+05 1.633572186658362431e-08 6.121553783586395532e+07
4.994574534135411377e+05 1.661729458622013758e-08 6.017826757607391477e+07
5.043159487171358778e+05 1.690277211321570023e-08 5.916189328602106124e+07
5.092217052568053477e+05 1.719220201156164328e-08 5.816590564300643653e+07
5.141751827683927841e+05 1.748563250511684549e-08 5.718980996011259407e+07
5.191768454598429380e+05 1.778311248708024843e-08 5.623312570994070917e+07
5.242271620547046768e+05 1.808469152952338837e-08 5.529538606547381729e+07
5.293266058360566385e+05 1.839041989298176069e-08 5.437613745739567280e+07
5.344756546908593737e+05 1.870034853610549963e-08 5.347493914721752703e+07
5.396747911547439871e+05 1.901452912536674317e-08 5.259136281560233235e+07
5.449245024572256953e+05 1.933301404482562179e-08 5.172499216528757662e+07
5.502252805673684925e+05 1.965585640595139047e-08 5.087542253804929554e+07
5.555776222398878308e+05 1.998311005750054012e-08 5.004226054515752941e+07
5.609820290617034771e+05 2.031482959544919857e-08 4.922512371080945432e+07
5.664390074989452260e+05 2.065107037297990379e-08 4.842364012803962827e+07
5.719490689444137970e+05 2.099188851052191556e-08 4.763744812663057446e+07
5.775127297655120492e+05 2.133734090584405971e-08 4.686619595256647468e+07
5.831305113526218338e+05 2.168748524419900643e-08 4.610954145859216899e+07
5.888029401679823641e+05 2.204238000851854597e-08 4.536715180545557290e+07
5.945305477950134082e+05 2.240208448965827017e-08 4.463870317343198508e+07
6.003138709881384857e+05 2.276665879669120318e-08 4.392388048374209553e+07
6.061534517230839701e+05 2.313616386724896534e-08 4.322237712949369103e+07
6.120498372476702789e+05 2.351066147790940805e-08 4.253389471579091251e+07
6.180035801330960821e+05 2.389021425462979985e-08 4.185814280866924673e+07
6.240152383257203037e+05 2.427488568322362801e-08 4.119483869252986461e+07
6.300853751993559999e+05 2.466474011988096280e-08 4.054370713575660437e+07
6.362145596080517862e+05 2.505984280172986321e-08 3.990448016421598196e+07
6.424033659394191345e+05 2.546025985743792068e-08 3.927689684234945476e+07
6.486523741684461711e+05 2.586605831785302116e-08 3.866070306157895178e+07
6.549621699118558317e+05 2.627730612668070498e-08 3.805565133576034009e+07
6.613333444829843938e+05 2.669407215119723443e-08 3.746150060342703760e+07
6.677664949471958680e+05 2.711642619299718451e-08 3.687801603657675534e+07
6.742622241778349271e+05 2.754443899877270484e-08 3.630496885576638579e+07
6.808211409127230290e+05 2.797818227112370815e-08 3.574213615128600597e+07
6.874438598112108884e+05 2.841772867939626565e-08 3.518930071019472927e+07
6.941310015117721632e+05 2.886315187054853428e-08 3.464625084900664538e+07
7.008831926901709521e+05 2.931452648003992773e-08 3.411278025182817131e+07
7.077010661181889009e+05 2.977192814274527822e-08 3.358868781374768168e+07
7.145852607229240239e+05 3.023543350388688527e-08 3.307377748929731548e+07
7.215364216466669459e+05 3.070512022998631423e-08 3.256785814580234140e+07
7.285552003073596861e+05 3.118106701983236782e-08 3.207074342144741863e+07
7.356422544596421067e+05 3.166335361546084996e-08 3.158225158789597079e+07
7.427982482564910315e+05 3.215206081314704504e-08 3.110220541729934514e+07
7.500238523114664713e+05 3.264727047440534074e-08 3.063043205354565755e+07
7.573197437615479575e+05 3.314906553699495867e-08 3.016676288759880513e+07
7.646866063305975404e+05 3.365753002592819973e-08 2.971103343678655103e+07
7.721251303934328025e+05 3.417274906447890782e-08 2.926308322790034488e+07
7.796360130405237433e+05 3.469480888518692994e-08 2.882275568397650495e+07
7.872199581433199346e+05 3.522379684085745448e-08 2.838989801463029534e+07
7.948776764202114427e+05 3.575980141554949681e-08 2.796436110982339457e+07
8.026098855031403946e+05 3.630291223555259929e-08 2.754599943694512174e+07
8.104173100048351334e+05 3.685322008034598834e-08 2.713467094109654427e+07
8.183006815867389087e+05 3.741081689353946744e-08 2.673023694846641272e+07
8.262607390275591752e+05 3.797579579378801899e-08 2.633256207269729674e+07
8.342982282925081672e+05 3.854825108568198778e-08 2.594151412413703278e+07
8.424139026032094844e+05 3.912827827060270819e-08 2.555696402188249677e+07
8.506085225082844263e+05 3.971597405754486549e-08 2.517878570851844549e+07
8.588828559546258766e+05 4.031143637389798119e-08 2.480685606746349856e+07
8.672376783593635773e+05 4.091476437618390557e-08 2.444105484283542633e+07
8.756737726825403515e+05 4.152605846074553310e-08 2.408126456175216287e+07
8.841919295004659798e+05 4.214542027438250545e-08 2.372737045898758620e+07
8.927929470798302209e+05 4.277295272492899861e-08 2.337926040390422568e+07
9.014776314524917398e+05 4.340875999176781059e-08 2.303682482958839461e+07
9.102467964910225710e+05 4.405294753627744070e-08 2.269995666411432624e+07
9.191012639849777333e+05 4.470562211220490806e-08 2.236855126386875287e+07
9.280418637179076904e+05 4.536689177596102673e-08 2.204250634886737168e+07
9.370694335451208754e+05 4.603686589683032910e-08 2.172172193999962509e+07
9.461848194721991895e+05 4.671565516709304346e-08 2.140610029813752323e+07
9.553888757342890603e+05 4.740337161204894146e-08 2.109554586505025998e+07
9.646824648761422141e+05 4.810012859994236061e-08 2.078996520606388524e+07
9.740664578329562210e+05 4.880604085177664933e-08 2.048926695441221446e+07
9.835417340119908331e+05 4.952122445101769696e-08 2.019336175722224638e+07
9.931091813749800203e+05 5.024579685317383675e-08 1.990216222308421135e+07
1.002769696521346574e+06 5.097987689525062607e-08 1.961558287115365267e+07
1.012524184772223118e+06 5.172358480507024043e-08 1.933354008173799887e+07
1.022373560255303280e+06 5.247704221045161651e-08 1.905595204831941798e+07
1.032318745990485535e+06 5.324037214823978377e-08 1.878273873097000271e+07
1.042360673976403312e+06 5.401369907318162482e-08 1.851382181111366674e+07
1.052500285277732648e+06 5.479714886663806592e-08 1.824912464759322628e+07
1.062738530113414628e+06 5.559084884512446537e-08 1.798857223400185630e+07
1.073076367945679463e+06 5.639492776867368740e-08 1.773209115723845363e+07
1.083514767569973134e+06 5.720951584901057894e-08 1.747960955724981427e+07
1.094054707205743529e+06 5.803474475753300520e-08 1.723105708792142943e+07
1.104697174588110531e+06 5.887074763308769152e-08 1.698636487908232957e+07
1.115443167060442269e+06 5.971765908953453204e-08 1.674546549958870001e+07
1.126293691667794017e+06 6.057561522308933300e-08 1.650829292145322636e+07
1.137249765251314268e+06 6.144475361943630207e-08 1.627478248498791829e+07
1.148312414543511113e+06 6.232521336060183321e-08 1.604487086492893659e+07
1.159482676264482550e+06 6.321713503157723234e-08 1.581849603751412779e+07
1.170761597219069256e+06 6.412066072668455368e-08 1.559559724848309904e+07
1.182150234394951258e+06 6.503593405567282828e-08 1.537611498197239824e+07
1.193649655061714351e+06 6.596310014953733914e-08 1.515999093027791567e+07
1.205260936870841309e+06 6.690230566604611418e-08 1.494716796445947327e+07
1.216985167956739198e+06 6.785369879497187669e-08 1.473759010576004721e+07
1.228823447038672166e+06 6.881742926301034211e-08 1.453120249781699106e+07
1.240776883523764089e+06 6.979364833837872026e-08 1.432795137964025326e+07
1.252846597610937431e+06 7.078250883508244521e-08 1.412778405933476426e+07
1.265033720395903802e+06 7.178416511683692466e-08 1.393064888854506798e+07
1.277339393977160100e+06 7.279877310063691027e-08 1.373649523759970069e+07
1.289764771563015878e+06 7.382649025995624403e-08 1.354527347133558244e+07
1.302311017579678679e+06 7.486747562757141614e-08 1.335693492558109388e+07
1.314979307780346600e+06 7.592188979799282749e-08 1.317143188427901082e+07
1.327770829355431721e+06 7.698989492949269240e-08 1.298871755723007023e+07
1.340686781043774681e+06 7.807165474571911287e-08 1.280874605843848735e+07
1.353728373245021794e+06 7.916733453687959535e-08 1.263147238504229859e+07
1.366896828133026371e+06 8.027710116048340892e-08 1.245685239681091532e+07
1.380193379770397209e+06 8.140112304163078092e-08 1.228484279619302601e+07
1.393619274224143475e+06 8.253957017283233332e-08 1.211540110889924690e+07
1.407175769682445331e+06 8.369261411334747054e-08 1.194848566500347666e+07
1.420864136572578223e+06 8.486042798802652521e-08 1.178405558054805174e+07
1.434685657679936383e+06 8.604318648564619274e-08 1.162207073963748477e+07
1.448641628268291708e+06 8.724106585671685426e-08 1.146249177700765245e+07
1.462733356201129965e+06 8.845424391075482611e-08 1.130528006105554104e+07
1.476962162064259872e+06 8.968290001300303206e-08 1.115039767731653526e+07
1.491329379289537668e+06 9.092721508057957098e-08 1.099780741237704642e+07
1.505836354279841529e+06 9.218737157804848892e-08 1.084747273820873722e+07
1.520484446535245748e+06 9.346355351238992542e-08 1.069935779691316560e+07
1.535275028780421242e+06 9.475594642736097842e-08 1.055342738586428203e+07
1.550209487093292875e+06 9.606473739722133417e-08 1.040964694323856011e+07
1.565289221034900751e+06 9.739011501982292098e-08 1.026798253391998447e+07
1.580515643780601211e+06 9.873226940903187604e-08 1.012840083577094041e+07
1.595890182252465980e+06 1.000913921864821370e-07 9.990869126256946474e+06
1.611414277253019856e+06 1.014676764726280081e-07 9.855355269416863099e+06
1.627089383600260597e+06 1.028613168770951179e-07 9.721827703167168424e+06
1.642916970263991505e+06 1.042725094883021218e-07 9.590255426931925118e+06
1.658898520503499778e+06 1.057014518623430904e-07 9.460607989588620141e+06
1.675035532006522641e+06 1.071483430111086132e-07 9.332855477721432224e+06
1.691329517029650509e+06 1.086133833896334559e-07 9.206968504172796384e+06
1.707782002539991168e+06 1.100967748826484300e-07 9.082918196885373443e+06
1.724394530358320335e+06 1.115987207903266547e-07 8.960676188025621697e+06
1.741168657303530956e+06 1.131194258131989327e-07 8.840214603381752968e+06
1.758105955338547705e+06 1.146590960362252818e-07 8.721506052028013393e+06
1.775208011717635905e+06 1.162179389120036191e-07 8.604523616247978061e+06
1.792476429135147016e+06 1.177961632431008254e-07 8.489240841709407046e+06
1.809912825875729090e+06 1.193939791634833875e-07 8.375631727884061635e+06
1.827518835965942824e+06 1.210115981190349392e-07 8.263670718705280684e+06
1.845296109327447135e+06 1.226492328471370229e-07 8.153332693457142450e+06
1.863246311931559816e+06 1.243070973553028561e-07 8.044592957888262346e+06
1.881371125955437077e+06 1.259854068988387164e-07 7.937427235544512980e+06
1.899672249939675443e+06 1.276843779575189833e-07 7.831811659314370714e+06
1.918151398947507609e+06 1.294042282112581616e-07 7.727722763180933893e+06
1.936810304725521943e+06 1.311451765147535197e-07 7.625137474175441079e+06
1.955650715865947073e+06 1.329074428710950379e-07 7.524033104525870644e+06
1.974674397970539518e+06 1.346912484043057642e-07 7.424387343996377662e+06
1.993883133815998910e+06 1.364968153308153071e-07 7.326178252411150374e+06
2.013278723521096399e+06 1.383243669298276311e-07 7.229384252358827740e+06
2.032862984715323895e+06 1.401741275125845349e-07 7.133984122071471997e+06
2.052637752709252061e+06 1.420463223904895773e-07 7.039956988474296406e+06
2.072604880666519748e+06 1.439411778420882718e-07 6.947282320400749333e+06
2.092766239777499577e+06 1.458589210788800365e-07 6.855939921968868002e+06
2.113123719434654806e+06 1.477997802099436633e-07 6.765909926114505157e+06
2.133679227409595624e+06 1.497639842053618792e-07 6.677172788277074695e+06
2.154434690031886566e+06 1.517517628584284833e-07 6.589709280233635567e+06
2.175392052369520068e+06 1.537633467466129128e-07 6.503500484077672474e+06
2.196553278411258012e+06 1.557989671912755677e-07 6.418527786338226870e+06
2.217920351250634994e+06 1.578588562161131687e-07 6.334772872235765681e+06
2.239495273271823302e+06 1.599432465043116747e-07 6.252217720071366057e+06
2.261280066337279510e+06 1.620523713543970465e-07 6.170844595745352097e+06
2.283276771977215540e+06 1.641864646347683710e-07 6.090636047401915304e+06
2.305487451580940746e+06 1.663457607368920378e-07 6.011574900196543895e+06
2.327914186589990743e+06 1.685304945271417230e-07 5.933644251182984561e+06
2.350559078693256248e+06 1.707409012972752042e-07 5.856827464316300116e+06
2.373424250023866072e+06 1.729772167135243987e-07 5.781108165569263510e+06
2.396511843358130194e+06 1.752396767642916874e-07 5.706470238158807158e+06
2.419824022316292860e+06 1.775285177064295238e-07 5.632897817879899405e+06
2.443362971565319691e+06 1.798439760100970541e-07 5.560375288543757983e+06
2.467130897023623809e+06 1.821862883021756689e-07 5.488887277517789043e+06
2.491130026067785919e+06 1.845556913082316821e-07 5.418418651364545338e+06
2.515362607741315849e+06 1.869524217930125581e-07 5.348954511577103287e+06
2.539830912965360098e+06 1.893767164994649329e-07 5.280480190408335999e+06
2.564537234751597513e+06 1.918288120862612229e-07 5.212981246791654266e+06
2.589483888417040464e+06 1.943089450638253442e-07 5.146443462350776419e+06
2.614673211801092140e+06 1.968173517288486743e-07 5.080852837496156804e+06
2.640107565484572668e+06 1.993542680972746854e-07 5.016195587606136687e+06
2.665789333010967821e+06 2.019199298357597640e-07 4.952458139290127903e+06
2.691720921109790448e+06 2.045145721915875876e-07 4.889627126732113771e+06
2.717904759922120254e+06 2.071384299210338279e-07 4.827689388112211600e+06
2.744343303228368051e+06 2.097917372161719426e-07 4.766631962104341015e+06
2.771039028678167611e+06 2.124747276301156618e-07 4.706442084447987378e+06
2.797994438022641931e+06 2.151876340006887206e-07 4.647107184592212550e+06
2.825212057348790113e+06 2.179306883725131532e-07 4.588614882410138845e+06
2.852694437316245399e+06 2.207041219175226100e-07 4.530952984981862828e+06
2.880444153396297712e+06 2.235081648538809221e-07 4.474109483444387093e+06
2.908463806113254279e+06 2.263430463633186216e-07 4.418072549906534143e+06
2.936756021288140677e+06 2.292089945068672711e-07 4.362830534427562729e+06
2.965323450284770690e+06 2.321062361390085719e-07 4.308371962057492696e+06
2.994168770258246455e+06 2.350349968202234002e-07 4.254685529937879182e+06
3.023294684405776206e+06 2.379955007279454570e-07 4.201760104461419396e+06
3.052703922220086213e+06 2.409879705659253014e-07 4.149584718488832004e+06
3.082399239745143335e+06 2.440126274719995009e-07 4.098148568621721584e+06
3.112383419834465720e+06 2.470696909242694235e-07 4.047441012530003209e+06
3.142659272411905695e+06 2.501593786456984881e-07 3.997451566332450137e+06
3.173229634734972846e+06 2.532819065071345414e-07 3.948169902029032353e+06
3.204097371660756413e+06 2.564374884287468809e-07 3.899585844984040130e+06
3.235265375914326869e+06 2.596263362799114072e-07 3.851689371458326466e+06
3.266736568359924946e+06 2.628486597775261190e-07 3.804470606189871673e+06
3.298513898274578154e+06 2.661046663827941130e-07 3.757919820021083113e+06
3.330600343624588568e+06 2.693945611964538671e-07 3.712027427572147455e+06
3.362998911344536114e+06 2.727185468525000578e-07 3.666783984958861489e+06
3.395712637619100977e+06 2.760768234103806181e-07 3.622180187554271892e+06
3.428744588167588692e+06 2.794695882457098996e-07 3.578206867792710196e+06
3.462097858531224076e+06 2.828970359394952920e-07 3.534854993015463930e+06
3.495775574363278691e+06 2.863593581658988458e-07 3.492115663357025944e+06
3.529780891721910797e+06 2.898567435785625395e-07 3.449980109670834150e+06
3.564116997366035823e+06 2.933893776955016898e-07 3.408439691493752878e+06
3.598787109053855762e+06 2.969574427826060517e-07 3.367485895048170350e+06
3.633794475844513159e+06 3.005611177357486616e-07 3.327110331281085033e+06
3.669142378402493894e+06 3.042005779615513910e-07 3.287304733939040452e+06
3.704834129305106122e+06 3.078759952568162655e-07 3.248060957678252831e+06
3.740873073352904059e+06 3.115875376866569055e-07 3.209370976209049113e+06
3.777262587883137167e+06 3.153353694613539113e-07 3.171226880473855417e+06
3.814006083086288068e+06 3.191196508119765456e-07 3.133620876857860014e+06
3.851107002325568814e+06 3.229405378647842112e-07 3.096545285431777593e+06
3.888568822459721006e+06 3.267981825144581768e-07 3.059992538225814700e+06
3.926395054168756586e+06 3.306927322961924555e-07 3.023955177534193266e+06
3.964589242282997817e+06 3.346243302566793571e-07 2.988425854249548167e+06
4.003154966115265153e+06 3.385931148240277274e-07 2.953397326226542238e+06
4.042095839796301909e+06 3.425992196766590294e-07 2.918862456673975568e+06
4.081415512613506056e+06 3.466427736112230904e-07 2.884814212574784644e+06
4.121117669352828525e+06 3.507239004095669186e-07 2.851245663133376744e+06
4.161206030644211918e+06 3.548427187048148243e-07 2.818149978249592241e+06
4.201684353310129605e+06 3.589993418465995479e-07 2.785520427018777467e+06
4.242556430717777461e+06 3.631938777655005138e-07 2.753350376257331111e+06
4.283826093134470284e+06 3.674264288367256827e-07 2.721633289053283632e+06
4.325497208086634055e+06 3.716970917431068310e-07 2.690362723341230303e+06
4.367573680722232908e+06 3.760059573374458444e-07 2.659532330501220655e+06
4.410059454176732339e+06 3.803531105042850289e-07 2.629135853980965447e+06
4.452958509942660108e+06 3.847386300211438973e-07 2.599167127940970007e+06
4.496274868242635392e+06 3.891625884192874927e-07 2.569620075922073331e+06
4.540012588406248949e+06 3.936250518440924780e-07 2.540488709534883499e+06
4.584175769250333309e+06 3.981260799150675299e-07 2.511767127170695458e+06
4.628768549463215284e+06 4.026657255855924650e-07 2.483449512733448297e+06
4.673795107992463745e+06 4.072440350024497896e-07 2.455530134392231237e+06
4.719259664436561987e+06 4.118610473652104012e-07 2.428003343353973236e+06
4.765166479440331459e+06 4.165167947855412576e-07 2.400863572655902710e+06
4.811519855094200931e+06 4.212113021465221507e-07 2.374105335977287963e+06
4.858324135337422602e+06 4.259445869620192321e-07 2.347723226470226888e+06
4.905583706365045160e+06 4.307166592362255100e-07 2.321711915608893149e+06
4.953302997039113194e+06 4.355275213233989695e-07 2.296066152057138272e+06
5.001486479303549044e+06 4.403771677879371230e-07 2.270780760553753935e+06
5.050138668603383005e+06 4.452655852648018636e-07 2.245850640815401450e+06
5.099264124307808466e+06 4.501927523204380832e-07 2.221270766456542537e+06
5.148867450137497857e+06 4.551586393142241238e-07 2.197036183926277794e+06
5.198953294596029446e+06 4.601632082605646485e-07 2.173142011461629067e+06
5.249526351405502297e+06 4.652064126917063507e-07 2.149583438056996092e+06
5.300591359946457669e+06 4.702881975213646961e-07 2.126355722449468914e+06
5.352153105701899156e+06 4.754084989092460856e-07 2.103454192119726446e+06
5.404216420705915429e+06 4.805672441265721097e-07 2.080874242308157030e+06
5.456786183996382169e+06 4.857643514226901242e-07 2.058611335045962362e+06
5.509867322072253563e+06 4.909997298928483363e-07 2.036660998201020528e+06
5.563464809355226345e+06 4.962732793472720396e-07 2.015018824538083514e+06
5.617583668655902147e+06 5.015848901815935134e-07 1.993680470793210203e+06
5.672228971644549631e+06 5.069344432487749238e-07 1.972641656762028579e+06
5.727405839326260611e+06 5.123218097325797067e-07 1.951898164401740301e+06
5.783119442521032877e+06 5.177468510227444752e-07 1.931445836946423631e+06
5.839375002348160371e+06 5.232094185919035441e-07 1.911280578035593033e+06
5.896177790715694427e+06 5.287093538744159969e-07 1.891398350855599623e+06
5.953533130814369768e+06 5.342464881471546915e-07 1.871795177293812390e+06
6.011446397616513073e+06 5.398206424124129556e-07 1.852467137105176924e+06
6.069923018379741348e+06 5.454316272829774620e-07 1.833410367091137217e+06
6.128968473155557178e+06 5.510792428695269513e-07 1.814621060290523805e+06
6.188588295302966610e+06 5.567632786704413975e-07 1.796095465182284126e+06
6.248788072006887756e+06 5.624835134641166981e-07 1.777829884899896337e+06
6.309573444801942445e+06 5.682397152039353416e-07 1.759820676457136404e+06
6.370950110100935213e+06 5.740316409159462036e-07 1.742064249985179864e+06
6.432923819728876464e+06 5.798590365994347374e-07 1.724557067980640335e+06
6.495500381461868994e+06 5.857216371304136284e-07 1.707295644564596005e+06
6.558685659571435302e+06 5.916191661682327525e-07 1.690276544752169400e+06
6.622485575374069624e+06 5.975513360653304630e-07 1.673496383732743794e+06
6.686906107786130160e+06 6.035178477803187983e-07 1.656951826160410652e+06
6.751953293884212151e+06 6.095183907944599986e-07 1.640639585454636486e+06
6.817633229470755905e+06 6.155526430316726084e-07 1.624556423110908596e+06
6.883952069645496085e+06 6.216202707821714560e-07 1.608699148021221161e+06
6.950916029382126406e+06 6.277209286298486605e-07 1.593064615804255009e+06
7.018531384110795334e+06 6.338542593835197556e-07 1.577649728145062691e+06
7.086804470306189731e+06 6.400198940121371043e-07 1.562451432144133141e+06
7.155741686081341468e+06 6.462174515840921527e-07 1.547466719675660599e+06
7.225349491787221283e+06 6.524465392106807457e-07 1.532692626754958183e+06
7.295634410618146881e+06 6.587067519939022864e-07 1.518126232914729742e+06
7.366603029223167337e+06 6.649976729786534082e-07 1.503764660590173444e+06
7.438261998323155567e+06 6.713188731094350621e-07 1.489605074512756895e+06
7.510618033334286883e+06 6.776699111916906506e-07 1.475644681112502236e+06
7.583677914997190237e+06 6.840503338578760057e-07 1.461880727928667795e+06
7.657448490012479946e+06 6.904596755383472900e-07 1.448310503028733656e+06
7.731936671682362445e+06 6.968974584372209808e-07 1.434931334435457131e+06
7.807149440558491275e+06 7.033631925132446902e-07 1.421740589562012814e+06
7.883093845096224919e+06 7.098563754658154040e-07 1.408735674655016279e+06
7.959777002314977348e+06 7.163764927262561008e-07 1.395914034245290328e+06
8.037206098465429619e+06 7.229230174544033743e-07 1.383273150606347248e+06
8.115388389702713117e+06 7.294954105406490999e-07 1.370810543220378226e+06
8.194331202766655944e+06 7.360931206134999924e-07 1.358523768251693109e+06
8.274041935668218881e+06 7.427155840527492858e-07 1.346410418027498759e+06
8.354528058382871561e+06 7.493622250083650386e-07 1.334468120525873965e+06
8.435797113550610840e+06 7.560324554251683327e-07 1.322694538870863849e+06
8.517856717182794586e+06 7.627256750733785526e-07 1.311087370834598318e+06
8.600714559375951067e+06 7.694412715851414687e-07 1.299644348346274579e+06
8.684378405032249168e+06 7.761786204970627855e-07 1.288363237008000258e+06
8.768856094587445259e+06 7.829370852988806664e-07 1.277241835617298726e+06
8.854155544745348394e+06 7.897160174883220224e-07 1.266277975696228910e+06
8.940284749219998717e+06 7.965147566321999518e-07 1.255469521027043229e+06
9.027251779484577477e+06 8.033326304338581029e-07 1.244814367194230901e+06
9.115064785527916625e+06 8.101689548069784784e-07 1.234310441132922191e+06
9.203731996618229896e+06 8.170230339558609947e-07 1.223955700683494098e+06
9.293261722074305639e+06 8.238941604621963956e-07 1.213748134152340703e+06
9.383662352044282481e+06 8.307816153783875778e-07 1.203685759878714103e+06
9.474942358291719109e+06 8.376846683274973612e-07 1.193766625807510456e+06
9.567110294989774004e+06 8.446025776098408092e-07 1.183988809067954309e+06
9.660174799522645772e+06 8.515345903162710147e-07 1.174350415558089036e+06
9.754144593295099214e+06 8.584799424481966809e-07 1.164849579534984892e+06
9.849028482549766079e+06 8.654378590443665418e-07 1.155484463210587623e+06
9.944835359192388132e+06 8.724075543144543999e-07 1.146253256353114499e+06
1.004157420162520558e+07 8.793882317794574829e-07 1.137154175893942360e+06
1.013925407558814250e+07 8.863790844189363937e-07 1.128185465539890807e+06
1.023788413500868343e+07 8.933792948251136965e-07 1.119345395390832564e+06
1.033747362285939790e+07 9.003880353638421523e-07 1.110632261562544154e+06
1.043803187202444114e+07 9.074044683424274625e-07 1.102044385814760812e+06
1.053956830617394485e+07 9.144277461843751896e-07 1.093580115184268449e+06
1.064209244064724632e+07 9.214570116109439048e-07 1.085237821623108350e+06
1.074561388334457949e+07 9.284913978296216655e-07 1.077015901641665259e+06
1.085014233562744968e+07 9.355300287294202611e-07 1.068912775956683094e+06
1.095568759322788939e+07 9.425720190830146492e-07 1.060926889144083019e+06
1.106225954716620781e+07 9.496164747556940198e-07 1.053056709296527319e+06
1.116986818467824906e+07 9.566624929210892281e-07 1.045300727685668156e+06
1.127852359015096910e+07 9.637091622836497042e-07 1.037657458429007558e+06
1.138823594606782123e+07 9.707555633078335217e-07 1.030125438161298400e+06
1.149901553396274336e+07 9.778007684539541931e-07 1.022703225710433791e+06
1.161087273538378999e+07 9.848438424206489331e-07 1.015389401777746622e+06
1.172381803286599740e+07 9.918838423938970275e-07 1.008182568622667226e+06
1.183786201091372408e+07 9.989198183025580269e-07 1.001081349751652218e+06
1.195301535699267127e+07 1.005950813080297416e-06 9.940843896113812225e+05
1.206928886253118701e+07 1.012975862933923261e-06 9.871903532860686537e+05
1.218669342393193021e+07 1.019993997617972061e-06 9.803979261989142979e+05
1.230524004359261505e+07 1.027004240715508635e-06 9.737058138175797649e+05
1.242493983093746565e+07 1.034005609925025080e-06 9.671127413636655547e+05
1.254580400345803238e+07 1.040997117353363393e-06 9.606174535261014244e+05
1.266784388776455820e+07 1.047977769814561196e-06 9.542187141784019768e+05
1.279107092064741068e+07 1.054946569134496234e-06 9.479153060997432331e+05
1.291549665014882758e+07 1.061902512461234380e-06 9.417060306997869629e+05
1.304113273664526641e+07 1.068844592580969114e-06 9.355897077471961966e+05
1.316799095393984951e+07 1.075771798239423089e-06 9.295651751017929055e+05
1.329608319036608934e+07 1.082683114468566316e-06 9.236312884503133828e+05
1.342542144990170561e+07 1.089577522918577483e-06 9.177869210456615547e+05
1.355601785329368897e+07 1.096454002194809544e-06 9.120309634496893268e+05
1.368788463919415325e+07 1.103311528199746444e-06 9.063623232793388888e+05
1.382103416530722938e+07 1.110149074479676135e-06 9.007799249562021578e+05
1.395547890954730473e+07 1.116965612576007861e-06 8.952827094593760557e+05
1.409123147120804153e+07 1.123760112381059246e-06 8.898696340815725271e+05
1.422830457214354910e+07 1.130531542498103953e-06 8.845396721884715371e+05
1.436671105796011724e+07 1.137278870605602201e-06 8.792918129811898107e+05
1.450646389922046848e+07 1.144001063825320017e-06 8.741250612619116437e+05
1.464757619265895151e+07 1.150697089094283001e-06 8.690384372025334742e+05
1.479006116240903176e+07 1.157365913540295468e-06 8.640309761163390940e+05
1.493393216124253348e+07 1.164006504860856607e-06 8.591017282326427521e+05
1.507920267182095721e+07 1.170617831705318885e-06 8.542497584743193584e+05
1.522588630795913190e+07 1.177198864060033078e-06 8.494741462382207392e+05
1.537399681590067968e+07 1.183748573636339756e-06 8.447739851783852791e+05
1.552354807560668699e+07 1.190265934261146343e-06 8.401483829920300050e+05
1.567455410205595009e+07 1.196749922269933255e-06 8.355964612082461827e+05
1.582702904655883275e+07 1.203199516901932877e-06 8.311173549793780548e+05
1.598098719808309525e+07 1.209613700697313486e-06 8.267102128750061383e+05
1.613644298459311575e+07 1.215991459896076496e-06 8.223741966785391560e+05
1.629341097440196574e+07 1.222331784838541681e-06 8.181084811863010982e+05
1.645190587753660791e+07 1.228633670367112056e-06 8.139122540091245901e+05
1.661194254711660929e+07 1.234896116229123596e-06 8.097847153763816459e+05
1.677353598074569739e+07 1.241118127480573534e-06 8.057250779423913918e+05
1.693670132191772014e+07 1.247298714890419350e-06 8.017325665952076670e+05
1.710145386143542081e+07 1.253436895345314626e-06 7.978064182676749770e+05
1.726780903884356096e+07 1.259531692254454362e-06 7.939458817507681670e+05
1.743578244387577847e+07 1.265582135954344713e-06 7.901502175091342069e+05
1.760538981791556627e+07 1.271587264113216959e-06 7.864186974988167640e+05
1.777664705547144637e+07 1.277546122134888795e-06 7.827506049870939460e+05
1.794957020566646382e+07 1.283457763561783026e-06 7.791452343744087266e+05
1.812417547374239564e+07 1.289321250476877103e-06 7.756018910183425760e+05
1.830047922257798910e+07 1.295135653904350763e-06 7.721198910595759517e+05
1.847849797422290593e+07 1.300900054208654172e-06 7.686985612498158589e+05
1.865824841144566238e+07 1.306613541491781829e-06 7.653372387816245900e+05
1.883974737929719314e+07 1.312275215988474428e-06 7.620352711201268248e+05
1.902301188668945804e+07 1.317884188459116359e-06 7.587920158365434036e+05
1.920805910798933357e+07 1.323439580580088723e-06 7.556068404435063712e+05
1.939490638462830707e+07 1.328940525331306600e-06 7.524791222321244422e+05
1.958357122672715038e+07 1.334386167380725844e-06 7.494082481107441708e+05
1.977407131473746523e+07 1.339775663465533531e-06 7.463936144453824963e+05
1.996642450109793246e+07 1.345108182769809246e-06 7.434346269017766463e+05
2.016064881190793589e+07 1.350382907298429569e-06 7.405307002889986616e+05
2.035676244861640036e+07 1.355599032246899594e-06 7.376812584046362899e+05
2.055478378972772509e+07 1.360755766366967506e-06 7.348857338814472314e+05
2.075473139252405614e+07 1.365852332327711549e-06 7.321435680354851065e+05
2.095662399480430782e+07 1.370887967071888268e-06 7.294542107156454585e+05
2.116048051664036512e+07 1.375861922167349540e-06 7.268171201545670629e+05
2.136632006214968115e+07 1.380773464153206093e-06 7.242317628209019313e+05
2.157416192128623649e+07 1.385621874880604527e-06 7.216976132728616940e+05
2.178402557164756581e+07 1.390406451847841716e-06 7.192141540130269714e+05
2.199593068030074611e+07 1.395126508529617526e-06 7.167808753443744499e+05
2.220989710562497377e+07 1.399781374700170682e-06 7.143972752274955856e+05
2.242594489917278290e+07 1.404370396750168617e-06 7.120628591389310313e+05
2.264409430754909664e+07 1.408892937997047642e-06 7.097771399306250969e+05
2.286436577430858836e+07 1.413348378988635924e-06 7.075396376904469216e+05
2.308677994187172130e+07 1.417736117799911695e-06 7.053498796037108405e+05
2.331135765345872566e+07 1.422055570322624990e-06 7.032073998156961752e+05
2.353811995504354313e+07 1.426306170547599119e-06 7.011117392951275688e+05
2.376708809732560813e+07 1.430487370839613821e-06 6.990624456985297147e+05
2.399828353772154823e+07 1.434598642204573007e-06 6.970590732354817446e+05
2.423172794237600639e+07 1.438639474548870912e-06 6.951011825346862897e+05
2.446744318819203228e+07 1.442609376930747845e-06 6.931883405108385487e+05
2.470545136488126218e+07 1.446507877803482459e-06 6.913201202322498430e+05
2.494577477703395858e+07 1.450334525250287324e-06 6.894961007891802583e+05
2.518843594620952010e+07 1.454088887210692886e-06 6.877158671628738521e+05
2.543345761304648221e+07 1.457770551698365798e-06 6.859790100952147041e+05
2.568086273939435184e+07 1.461379127010166602e-06 6.842851259589963593e+05
2.593067451046487316e+07 1.464914241926328398e-06 6.826338166287625208e+05
2.618291633700505272e+07 1.468375545901629842e-06 6.810246893521832535e+05
2.643761185749101266e+07 1.471762709247493682e-06 6.794573566219081404e+05
2.669478494034318253e+07 1.475075423304810065e-06 6.779314360479041934e+05
2.695445968616336212e+07 1.478313400607480601e-06 6.764465502301960951e+05
2.721666042999269068e+07 1.481476375036536430e-06 6.750023266319975955e+05
2.748141174359295890e+07 1.484564101964754275e-06 6.735983974531949498e+05
2.774873843774846941e+07 1.487576358391689377e-06 6.722343995041449089e+05
2.801866556459195167e+07 1.490512943069060084e-06 6.709099740797532722e+05
2.829121841995168850e+07 1.493373676616454464e-06 6.696247668337812647e+05
2.856642254572233930e+07 1.496158401627214287e-06 6.683784276533855591e+05
2.884430373225852102e+07 1.498866982764568187e-06 6.671706105338055640e+05
2.912488802079165354e+07 1.501499306847868084e-06 6.660009734532098519e+05
2.940820170587066561e+07 1.504055282928975465e-06 6.648691782476336230e+05
2.969427133782549948e+07 1.506534842358751136e-06 6.637748904859845061e+05
2.998312372525613010e+07 1.508937938843588536e-06 6.627177793451030739e+05
3.027478593754393607e+07 1.511264548492092236e-06 6.616975174847969320e+05
3.056928530738937110e+07 1.513514669851784750e-06 6.607137809228686383e+05
3.086664943337274343e+07 1.515688323935933336e-06 6.597662489100687671e+05
3.116690618254088238e+07 1.517785554240494048e-06 6.588546038049518829e+05
3.147008369301859289e+07 1.519806426751185724e-06 6.579785309486089973e+05
3.177621037664550915e+07 1.521751029940754713e-06 6.571377185392358806e+05
3.208531492163900658e+07 1.523619474756446193e-06 6.563318575065155746e+05
3.239742629528195411e+07 1.525411894597781631e-06 6.555606413857672596e+05
3.271257374663825333e+07 1.527128445284641519e-06 6.548237661918542581e+05
3.303078680929315090e+07 1.528769305015766900e-06 6.541209302928060060e+05
3.335209530412127078e+07 1.530334674317767779e-06 6.534518342831158079e+05
3.367652934208115935e+07 1.531824775984645809e-06 6.528161808567219414e+05
3.400411932703702897e+07 1.533239855008041559e-06 6.522136746795922518e+05
3.433489595860834420e+07 1.534580178498209088e-06 6.516440222619277192e+05
3.466889023504605889e+07 1.535846035595855698e-06 6.511069318299435545e+05
3.500613345613857359e+07 1.537037737375021562e-06 6.506021131971792784e+05
3.534665722614387423e+07 1.538155616737014044e-06 6.501292776353557128e+05
3.569049345675229281e+07 1.539200028295624148e-06 6.496881377447171835e+05
3.603767437007633597e+07 1.540171348253712546e-06 6.492784073238518322e+05
3.638823250167062134e+07 1.541069974271351326e-06 6.488998012389540672e+05
3.674220070358090848e+07 1.541896325325637495e-06 6.485520352925200714e+05
3.709961214742263407e+07 1.542650841562331561e-06 6.482348260914584389e+05
3.746050032748996466e+07 1.543333984139567461e-06 6.479478909145614598e+05
3.782489906389382482e+07 1.543946235063710700e-06 6.476909475793599850e+05
3.819284250573240966e+07 1.544488097017584735e-06 6.474637143083236879e+05
3.856436513429023325e+07 1.544960093181300419e-06 6.472659095943719149e+05
3.893950176627063006e+07 1.545362767045798854e-06 6.470972520657109562e+05
3.931828755705770105e+07 1.545696682219362804e-06 6.469574603499611840e+05
3.970075800401124358e+07 1.545962422227282186e-06 6.468462529375655577e+05
4.008694894979323447e+07 1.546160590304929630e-06 6.467633480444502784e+05
4.047689658572672307e+07 1.546291809184364300e-06 6.467084634739664616e+05
4.087063745518784225e+07 1.546356720874807632e-06 6.466813164780492662e+05
4.126820845702952147e+07 1.546355986437110435e-06 6.466816236176348757e+05
4.166964684904061258e+07 1.546290285752563931e-06 6.467091006222742144e+05
4.207499025143618882e+07 1.546160317286137743e-06 6.467634622490033507e+05
4.248427665038425475e+07 1.545966797844562622e-06 6.468444221403930569e+05
4.289754440156466514e+07 1.545710462329347927e-06 6.469516926818392240e+05
4.331483223376403004e+07 1.545392063485103778e-06 6.470849848580440739e+05
4.373617925250496715e+07 1.545012371643346842e-06 6.472440081087205326e+05
4.416162494371080399e+07 1.544572174462106095e-06 6.474284701834977604e+05
4.459120917740633339e+07 1.544072276661533558e-06 6.476380769960575271e+05
4.502497221145322919e+07 1.543513499755828326e-06 6.478725324774886249e+05
4.546295469532399625e+07 1.542896681781772033e-06 6.481315384288579226e+05
4.590519767391037196e+07 1.542222677024041784e-06 6.484147943730507977e+05
4.635174259137027711e+07 1.541492355737709675e-06 6.487219974058396183e+05
4.680263129501155764e+07 1.540706603868108023e-06 6.490528420462360373e+05
4.725790603921357542e+07 1.539866322768391109e-06 6.494070200861250050e+05
4.771760948938750476e+07 1.538972428915075675e-06 6.497842204391970299e+05
4.818178472597358376e+07 1.538025853621807529e-06 6.501841289892223431e+05
4.865047524847977608e+07 1.537027542751695177e-06 6.506064284376644064e+05
4.912372497955673933e+07 1.535978456428470747e-06 6.510507981506765354e+05
4.960157826911540329e+07 1.534879568746757704e-06 6.515169140055128373e+05
5.008407989848212153e+07 1.533731867481781017e-06 6.520044482363726711e+05
5.057127508459573239e+07 1.532536353798763282e-06 6.525130692797318334e+05
5.106320948424492776e+07 1.531294041962320845e-06 6.530424416191949276e+05
5.155992919834680855e+07 1.530005959046206368e-06 6.535922256298871944e+05
5.206148077626767755e+07 1.528673144643565958e-06 6.541620774224863853e+05
5.256791122018419206e+07 1.527296650578180979e-06 6.547516486868710490e+05
5.307926798948970437e+07 1.525877540616830064e-06 6.553605865355052520e+05
5.359559900524011254e+07 1.524416890183167099e-06 6.559885333465732401e+05
5.411695265464637429e+07 1.522915786073378618e-06 6.566351266069397097e+05
5.464337779560780525e+07 1.521375326173939295e-06 6.572999987549881916e+05
5.517492376129128784e+07 1.519796619181728333e-06 6.579827770234207856e+05
5.571164036475436389e+07 1.518180784326811878e-06 6.586830832820859505e+05
5.625357790361324698e+07 1.516528951098250205e-06 6.594005338808819652e+05
5.680078716475700587e+07 1.514842258973110482e-06 6.601347394928666763e+05
5.735331942910566181e+07 1.513121857149092568e-06 6.608853049576078774e+05
5.791122647641758621e+07 1.511368904280994400e-06 6.616518291248894529e+05
5.847456059014062583e+07 1.509584568221336534e-06 6.624339046988582704e+05
5.904337456231242418e+07 1.507770025765429150e-06 6.632311180827086791e+05
5.961772169850755483e+07 1.505926462401180549e-06 6.640430492240057793e+05
6.019765582283303887e+07 1.504055072063951623e-06 6.648692714607464150e+05
6.078323128297236562e+07 1.502157056896702179e-06 6.657093513682879275e+05
6.137450295527846366e+07 1.500233627015774674e-06 6.665628486072357045e+05
6.197152624991704524e+07 1.498286000282562515e-06 6.674293157724288758e+05
6.257435711605783552e+07 1.496315402081367617e-06 6.683082982431410346e+05
6.318305204711957276e+07 1.494323065103725912e-06 6.691993340346297482e+05
6.379766808606282622e+07 1.492310229139496411e-06 6.701019536511688493e+05
6.441826283073628694e+07 1.490278140874983186e-06 6.710156799407072831e+05
6.504489443927437067e+07 1.488228053698390322e-06 6.719400279512965353e+05
6.567762163554729521e+07 1.486161227512865022e-06 6.728745047894498566e+05
6.631650371466494352e+07 1.484078928557440550e-06 6.738186094805775210e+05
6.696160054853215069e+07 1.481982429236139508e-06 6.747718328316697152e+05
6.761297259146156907e+07 1.479873007955528794e-06 6.757336572963905055e+05
6.827068088583682477e+07 1.477751948970981005e-06 6.767035568427711260e+05
6.893478706783510745e+07 1.475620542241948908e-06 6.776809968236642890e+05
6.960535337320181727e+07 1.473480083296528043e-06 6.786654338501545135e+05
7.028244264308352768e+07 1.471331873105553750e-06 6.796563156681236578e+05
7.096611832991698384e+07 1.469177217966537537e-06 6.806530810381626943e+05
7.165644450337524712e+07 1.467017429397732693e-06 6.816551596190227428e+05
7.235348585637265444e+07 1.464853824042555087e-06 6.826619718548444798e+05
7.305730771112585068e+07 1.462687723584688026e-06 6.836729288663514890e+05
7.376797602527745068e+07 1.460520454674123569e-06 6.846874323462477187e+05
7.448555739807493985e+07 1.458353348864446093e-06 6.857048744590292918e+05
7.521011907661405206e+07 1.456187742561549737e-06 6.867246377454879694e+05
7.594172896213914454e+07 1.454024976984237400e-06 6.877460950320668053e+05
7.668045561640717089e+07 1.451866398136796562e-06 6.887686093454026850e+05
7.742636826811277866e+07 1.449713356793963819e-06 6.897915338322443422e+05
7.817953681937569380e+07 1.447567208498544079e-06 6.908142116850153543e+05
7.894003185229241848e+07 1.445429313571879260e-06 6.918359760733268922e+05
7.970792463554885983e+07 1.443301037137646311e-06 6.928561500816207845e+05
8.048328713110151887e+07 1.441183749159048950e-06 6.938740466533250874e+05
8.126619200091946125e+07 1.439078824489902008e-06 6.948889685417069122e+05
8.205671261379453540e+07 1.436987642939812941e-06 6.959002082677506842e+05
8.285492305221690238e+07 1.434911589353740675e-06 6.969070480853684712e+05
8.366089811931756139e+07 1.432852053706347238e-06 6.979087599541820819e+05
8.447471334587836266e+07 1.430810431211341246e-06 6.989046055202351417e+05
8.529644499741016328e+07 1.428788122446242250e-06 6.998938361048873048e+05
8.612617008130076528e+07 1.426786533492821136e-06 7.008756927022339078e+05
8.696396635402962565e+07 1.424807076093569128e-06 7.018494059853536310e+05
8.780991232845717669e+07 1.422851167824553497e-06 7.028141963216959266e+05
8.866408728118062019e+07 1.420920232285052357e-06 7.037692737979037920e+05
8.952657125996400416e+07 1.419015699304183904e-06 7.047138382544683991e+05
9.039744509123975039e+07 1.417139005165092320e-06 7.056470793304451508e+05
9.127679038768288493e+07 1.415291592846911207e-06 7.065681765186374541e+05
9.216468955586022139e+07 1.413474912285013823e-06 7.074762992315207375e+05
9.306122580395093560e+07 1.411690420649807624e-06 7.083706068783092778e+05
9.396648314954710007e+07 1.409939582644691868e-06 7.092502489533995977e+05
9.488054642752423882e+07 1.408223870823376908e-06 7.101143651366371196e+05
9.580350129799436033e+07 1.406544765927177372e-06 7.109620854056586977e+05
9.673543425433138013e+07 1.404903757242652556e-06 7.117925301606847206e+05
9.767643263127766550e+07 1.403302342980071752e-06 7.126048103620967595e+05
9.862658461312830448e+07 1.401742030673225448e-06 7.133980276811149670e+05
9.958597924199496210e+07 1.400224337601044663e-06 7.141712746639334364e+05
1.005547064261513650e+08 1.398750791231553780e-06 7.149236349096418126e+05
1.015328569484566003e+08 1.397322929688759129e-06 7.156541832622333895e+05
1.025205224748654962e+08 1.395942302242921404e-06 7.163619860170842148e+05
1.035177955630176216e+08 1.394610469824925096e-06 7.170461011421610601e+05
1.045247696709104180e+08 1.393329005565261019e-06 7.177055785143214744e+05
1.055415391656582803e+08 1.392099495358264602e-06 7.183394601710162824e+05
1.065681993323368579e+08 1.390923538452331833e-06 7.189467805776663590e+05
1.076048463829117864e+08 1.389802748066692654e-06 7.195265669110713061e+05
1.086515774652541727e+08 1.388738752035578884e-06 7.200778393590765772e+05
1.097084906722454131e+08 1.387733193480337020e-06 7.205996114368861308e+05
1.107756850509708673e+08 1.386787731510556382e-06 7.210908903201440116e+05
1.118532606120004803e+08 1.385904041954693889e-06 7.215506771952186245e+05
1.129413183387620896e+08 1.385083818121223377e-06 7.219779676268511685e+05
1.140399601970035434e+08 1.384328771591231642e-06 7.223717519433907000e+05
1.151492891443491429e+08 1.383640633043174633e-06 7.227310156399521511e+05
1.162694091399491727e+08 1.383021153110951475e-06 7.230547397996132495e+05
1.174004251542213112e+08 1.382472103276184432e-06 7.233419015329122776e+05
1.185424431786863953e+08 1.381995276795814006e-06 7.235914744358038297e+05
1.196955702359045297e+08 1.381592489665986009e-06 7.238024290663016727e+05
1.208599143895007521e+08 1.381265581623553671e-06 7.239737334398716921e+05
1.220355847542954534e+08 1.381016417186202975e-06 7.241043535438070539e+05
1.232226915065284371e+08 1.380846886732548411e-06 7.241932538706492633e+05
1.244213458941829801e+08 1.380758907623495542e-06 7.242393979707566323e+05
1.256316602474121451e+08 1.380754425366182862e-06 7.242417490241214400e+05
1.268537479890667945e+08 1.380835414822003662e-06 7.241992704314473085e+05
1.280877236453237534e+08 1.381003881460082450e-06 7.241109264245791128e+05
1.293337028564169407e+08 1.381261862657939353e-06 7.239756826961953193e+05
1.305918023874780536e+08 1.381611429050777816e-06 7.237925070488450583e+05
1.318621401394748539e+08 1.382054685931260546e-06 7.235603700631981483e+05
1.331448351602637619e+08 1.382593774701459085e-06 7.232782457854825770e+05
1.344400076557447016e+08 1.383230874378947849e-06 7.229451124339504167e+05
1.357477790011249483e+08 1.383968203158878993e-06 7.225599531242990633e+05
1.370682717522946298e+08 1.384808020034196137e-06 7.221217566138202092e+05
1.384016096573130190e+08 1.385752626476107083e-06 7.216295180640899343e+05
1.397479176680037975e+08 1.386804368177010159e-06 7.210822398219914176e+05
1.411073219516658187e+08 1.387965636858359001e-06 7.204789322187298676e+05
1.424799499028949440e+08 1.389238872145757591e-06 7.198186143866272178e+05
1.438659301555238366e+08 1.390626563514052204e-06 7.191003150932511780e+05
1.452653925946778357e+08 1.392131252305033771e-06 7.183230735925517511e+05
1.466784683689457774e+08 1.393755533820588000e-06 7.174859404925782001e+05
1.481052899026692808e+08 1.395502059494321414e-06 7.165879786392885726e+05
1.495459909083537757e+08 1.397373539144750517e-06 7.156282640159629518e+05
1.510007063992004693e+08 1.399372743313355194e-06 7.146058866576583823e+05
1.524695727017569840e+08 1.401502505690877266e-06 7.135199515801402740e+05
1.539527274686944485e+08 1.403765725635524883e-06 7.123695797226217110e+05
1.554503096917053461e+08 1.406165370786802272e-06 7.111539089036608348e+05
1.569624597145302296e+08 1.408704479778993970e-06 7.098720947894522687e+05
1.584893192461110950e+08 1.411386165058315730e-06 7.085233118738144403e+05
