1.000000000000000000e+04 3.207746206134071352e-24 3.117453613031266735e+23
1.009727545900835685e+04 4.169959756891483083e-24 2.398104677982443699e+23
1.019549716950924449e+04 5.412264303584794425e-24 1.847655517003582706e+23
1.029467433620748670e+04 7.013659057965667853e-24 1.425789294482832878e+23
1.039481625334710043e+04 9.074695589602181405e-24 1.101965338810707387e+23
1.049593230558226605e+04 1.172315407095358272e-23 8.530127591496015571e+22
1.059803196885688340e+04 1.512115943272551381e-23 6.613249496171438250e+22
1.070112481129246225e+04 1.947408831402403623e-23 5.135028576818467910e+22
1.080522049408488238e+04 2.504169957191885951e-23 3.993339178628974589e+22
1.091032877240974449e+04 3.215202122249711576e-23 3.110224371525013733e+22
1.101645949633656892e+04 4.121864887291624404e-23 2.426086316131229054e+22
1.112362261175188178e+04 5.276225959260802754e-23 1.895294113105230745e+22
1.123182816129124876e+04 6.743732629491698180e-23 1.482858314439690132e+22
1.134108628528053305e+04 8.606523767210675930e-23 1.161909299326892166e+22
1.145140722268591526e+04 1.096752954384278436e-22 9.117823626574172258e+21
1.156280131207375416e+04 1.395553834878608302e-22 7.165613930522319258e+21
1.167527899257919489e+04 1.773144937420082197e-22 5.639696896154442662e+21
1.178885080488457243e+04 2.249597642162459761e-22 4.445239367510781854e+21
1.190352739220719195e+04 2.849912518885737922e-22 3.508879635333441913e+21
1.201931950129674260e+04 3.605183449107719599e-22 2.773783953345007845e+21
1.213623798344241732e+04 4.554025375125728109e-22 2.195859525645246923e+21
1.225429379548979523e+04 5.744322725007822991e-22 1.740849266087566770e+21
1.237349800086777395e+04 7.235367310059654478e-22 1.382099839782363857e+21
1.249386177062508978e+04 9.100468528622033198e-22 1.098844523064811061e+21
1.261539638447754260e+04 1.143013545686474595e-21 8.748802704690756977e+20
1.273811323186478512e+04 1.433595035482947191e-21 6.975470584432664248e+20
1.286202381301779315e+04 1.795527683859245547e-21 5.569393382176286966e+20
1.298713974003656585e+04 2.245697413704625183e-21 4.452959663654531891e+20
1.311347273797833986e+04 2.804832224489241717e-21 3.565275638481725686e+20
1.324103464595638252e+04 3.498340230948493696e-21 2.858498413485852590e+20
1.336983741824945173e+04 4.357322330168561895e-21 2.294987435463180943e+20
1.349989312542218613e+04 5.419794114080503979e-21 1.845088538330307297e+20
1.363121395545610721e+04 6.732158138357507448e-21 1.485407768873321759e+20
1.376381221489191921e+04 8.350975297842034191e-21 1.197464923957335654e+20
1.389770032998276474e+04 1.034509303104391529e-20 9.666418629577957376e+19
1.403289084785873092e+04 1.279819859849209448e-20 7.813599642982737510e+19
1.416939643770269504e+04 1.581187800068430396e-20 6.324359446466271642e+19
1.430722989193755711e+04 1.950927550657519517e-20 5.125766969988049306e+19
1.444640412742521949e+04 2.403946558001262221e-20 4.159826251842470707e+19
1.458693218667674046e+04 2.958266859323623398e-20 3.380357647073934131e+19
1.472882723907501713e+04 3.635646453034481711e-20 2.750542476882902221e+19
1.487210258210860047e+04 4.462318539602840782e-20 2.240987484701177037e+19
1.501677164261799953e+04 5.469869780930747540e-20 1.828197087042611405e+19
1.516284797805393464e+04 6.696282290723049164e-20 1.493365955293414400e+19
1.531034527774784874e+04 8.187168192225501940e-20 1.221423545383610778e+19
1.545927736419478606e+04 9.997230343645583554e-20 1.000277042366656922e+19
1.560965819434870900e+04 1.219198832677010391e-19 8.202107590640381952e+18
1.576150186093062621e+04 1.484981512366044954e-19 6.734090570640733184e+18
1.591482259374890418e+04 1.806433718573465390e-19 5.535769121878972416e+18
1.606963476103325411e+04 2.194725895938029869e-19 4.556377640828802048e+18
1.622595287078087131e+04 2.663168251878983099e-19 3.754926108384086016e+18
1.638379157211618985e+04 3.227600393394514701e-19 3.098276980157030400e+18
1.654316565666367751e+04 3.906848055307458544e-19 2.559608118471611904e+18
1.670409005993400206e+04 4.723257770939290399e-19 2.117182776160732416e+18
1.686657986272370545e+04 5.703321969998116551e-19 1.753364101238580736e+18
1.703065029252842578e+04 6.878408848471512394e-19 1.453824601051760896e+18
1.719631672497011459e+04 8.285613469779619252e-19 1.206911236744667904e+18
1.736359468523753458e+04 9.968748956742019860e-19 1.003134901219159040e+18
1.753249984954169122e+04 1.197949935476480855e-18 8.347594255700286720e+17
1.770304804658450303e+04 1.437875882647821299e-18 6.954703198432669440e+17
1.787525525904235474e+04 1.723818531923359884e-18 5.801074657691750400e+17
1.804913762506384592e+04 2.064200077610145142e-18 4.844491630664810240e+17
1.822471143978215696e+04 2.468907438969177307e-18 4.050374607877246720e+17
1.840199315684212343e+04 2.949533038262735293e-18 3.390367176863347200e+17
1.858099938994213153e+04 3.519652740070232031e-18 2.841189383870994240e+17
1.876174691439119488e+04 4.195146289228284308e-18 2.383707101150826560e+17
1.894425266868079780e+04 4.994566289427094994e-18 2.002175848815704960e+17
1.912853375607242197e+04 5.939562553150879542e-18 1.683625672852809280e+17
1.931460744620030164e+04 7.055369535058088438e-18 1.417360203503170080e+17
1.950249117668984036e+04 8.371365544577786238e-18 1.194548242667183040e+17
1.969220255479173647e+04 9.921713529790046046e-18 1.007890418320877600e+17
1.988375935903198479e+04 1.174609444474028264e-17 8.513468069787097600e+16
2.007717954087818362e+04 1.389054556828603124e-17 7.199141279829449600e+16
2.027248122642135422e+04 1.640841764743674694e-17 6.094432878823118400e+16
2.046968271807520068e+04 1.936146640592100461e-17 5.164898045605606400e+16
2.066880249629082027e+04 2.282109580449310887e-17 4.381910529480868000e+16
2.086985922128879974e+04 2.686977247940770171e-17 3.721654140415123200e+16
2.107287173480786441e+04 3.160263303684424407e-17 3.164293300606124000e+16
2.127785906187063301e+04 3.712930836230447209e-17 2.693290136843081600e+16
2.148484041256649289e+04 4.357599183482768189e-17 2.294841626991401600e+16
2.169383518385182106e+04 5.108778133716743571e-17 1.957415205409358800e+16
2.190486296136795136e+04 5.983132824711116712e-17 1.671365201637961400e+16
2.211794352127612729e+04 6.999783020534759310e-17 1.428615711467587000e+16
2.233309683211143420e+04 8.180640840665801404e-17 1.222398121952769400e+16
2.255034305665360807e+04 9.550791447981942803e-17 1.047033646841170800e+16
2.276970255381679817e+04 1.113892167351506791e-16 8.977529686537725000e+15
2.299119588055742861e+04 1.297780206959457342e-16 7.705465028958019000e+15
2.321484379380065729e+04 1.510482844214870036e-16 6.620399588316989000e+15
2.344066725238558502e+04 1.756262952065276875e-16 5.693908186265903000e+15
2.366868741902933471e+04 2.039974808380598148e-16 4.902021318556547000e+15
2.389892566231052842e+04 2.367140357390030402e-16 4.224506573419176000e+15
2.413140355867126345e+04 2.744034500657920367e-16 3.644269048950500000e+15
2.436614289443983216e+04 3.177780381892012642e-16 3.146850568083034000e+15
2.460316566787181728e+04 3.676455720128628375e-16 2.720011000064521000e+15
2.484249409121190547e+04 4.249211343107208061e-16 2.353377884162279500e+15
2.508415059277541150e+04 4.906403177326142384e-16 2.038152927629916250e+15
2.532815781905005861e+04 5.659739063766531875e-16 1.766865908009731500e+15
2.557453863681853181e+04 6.522441888992754187e-16 1.533168124790189000e+15
2.582331613530082905e+04 7.509430650703284988e-16 1.331658878701205250e+15
2.607451362831876031e+04 8.637521215229581955e-16 1.157739558702109000e+15
2.632815465648020108e+04 9.925648672385131316e-16 1.007490828062626000e+15
2.658426298938541368e+04 1.139511335086810798e-15 8.775691554870031250e+14
2.684286262785454892e+04 1.306985272554042323e-15 7.651195625531818750e+14
2.710397780617683384e+04 1.497674162673887799e-15 6.677019774545886250e+14
2.736763299438165268e+04 1.714592335174102089e-15 5.832290157172892500e+14
2.763385290053167046e+04 1.961117447997571522e-15 5.099133664947324375e+14
2.790266247303859200e+04 2.241030640692983081e-15 4.462232607809301250e+14
2.817408690300054514e+04 2.558560683730093076e-15 3.908447457818795000e+14
2.844815162656362008e+04 2.918432471612497484e-15 3.426496962759869375e+14
2.872488232730495292e+04 3.325920232766608729e-15 3.006686661177581250e+14
2.900430493863991796e+04 3.786905855608635174e-15 2.640678269091215625e+14
2.928644564625237399e+04 4.307942757955319709e-15 2.321293610861789375e+14
2.957133089054862285e+04 4.896325756070718148e-15 2.042347772225220312e+14
2.985898736913524044e+04 5.560167420146808054e-15 1.798506995268851875e+14
3.014944203932091477e+04 6.308481434912232959e-15 1.585167540425539062e+14
3.044272212064305859e+04 7.151273517359028683e-15 1.398352332032324062e+14
3.073885509741793794e+04 8.099640478274036948e-15 1.234622700454837031e+14
3.103786872131721248e+04 9.165878050351173374e-15 1.091002950842976719e+14
3.133979101396794067e+04 1.036359814314008308e-14 9.649158392560060938e+13
3.164465026957891314e+04 1.170785622393084576e-14 8.541273320012257812e+13
3.195247505759213527e+04 1.321528956386189725e-14 7.566992725869340625e+13
3.226329422536017228e+04 1.490426713003763974e-14 6.709487902190293750e+13
3.257713690084953487e+04 1.679505194721051001e-14 5.954134605496650781e+13
3.289403249537028751e+04 1.890997679656843874e-14 5.288213786605324219e+13
3.321401070633265772e+04 2.127363416431964708e-14 4.700654304177186719e+13
3.353710152002928953e+04 2.391308139901201778e-14 4.181811550398166406e+13
3.386333521444636426e+04 2.685806208377821820e-14 3.723276820496970312e+13
3.419274236210027448e+04 3.014124467789106696e-14 3.317713023090619141e+13
3.452535383290305617e+04 3.379847953102718466e-14 2.958712977256845312e+13
3.486120079705521493e+04 3.786907542337640639e-14 2.640677092904952734e+13
3.520031472796675371e+04 4.239609683507809817e-14 2.358707698706382031e+13
3.554272740520698426e+04 4.742668319926693087e-14 2.108517679379815625e+13
3.588847091748195817e+04 5.301239144416351764e-14 1.886351422295808594e+13
3.623757766564257327e+04 5.920956318094649490e-14 1.688916361270839062e+13
3.659008036572021228e+04 6.607971794548619748e-14 1.513323650722859180e+13
3.694601205199302058e+04 7.368997395316054862e-14 1.357036712532465430e+13
3.730540608008161507e+04 8.211349787680838042e-14 1.217826576454288086e+13
3.766829613007493026e+04 9.142998520812558066e-14 1.093733087371349414e+13
3.803471620968650677e+04 1.017261728123264947e-13 9.830311829826617188e+12
3.840470065744141175e+04 1.130963853344081655e-13 8.842015569667923828e+12
3.877828414589461318e+04 1.256431171627181958e-13 7.959051180693945312e+12
3.915550168487937481e+04 1.394776517013875172e-13 7.169607372949856445e+12
3.953638862478928786e+04 1.547207197473952955e-13 6.463258454540862305e+12
3.992098065989020688e+04 1.715031988103391452e-13 5.830795034358942383e+12
4.030931383166566957e+04 1.899668552529505483e-13 5.264076191967535156e+12
4.070142453219438903e+04 2.102651311680842173e-13 4.755900298088931641e+12
4.109734950756071339e+04 2.325639779426664970e-13 4.299892050550184082e+12
4.149712586129819829e+04 2.570427384909362198e-13 3.890403618755648438e+12
4.190079105786664877e+04 2.838950801677670706e-13 3.522428072402848633e+12
4.230838292616346007e+04 3.133299803978095716e-13 3.191523513742226074e+12
4.271993966306776565e+04 3.455727670771062674e-13 2.893746542755998047e+12
4.313549983702119061e+04 3.808662158207775640e-13 2.625593865932612305e+12
4.355510239164131053e+04 4.194717061425753244e-13 2.383951015900241211e+12
4.397878664937159920e+04 4.616704386598571058e-13 2.166047284514929688e+12
4.440659231516642467e+04 5.077647154199703253e-13 1.969416089050031006e+12
4.483855948021181393e+04 5.580792854413733080e-13 1.791860092440307617e+12
4.527472862568302662e+04 6.129627575543572185e-13 1.631420486278598145e+12
4.571514062653714063e+04 6.727890826121917619e-13 1.486349921311696777e+12
4.615983675534503709e+04 7.379591071229872606e-13 1.355088636142194092e+12
4.660885868615764775e+04 8.089022003261179500e-13 1.236243392089722168e+12
4.706224849841281684e+04 8.860779567036175159e-13 1.128568871885939697e+12
4.752004868087766226e+04 9.699779758769446495e-13 1.030951243089733765e+12
4.798230213563085272e+04 1.061127721792432734e-12 9.423936246909305420e+11
4.844905218208296719e+04 1.160088463044500603e-12 8.620032280776507568e+11
4.892034256103607186e+04 1.267459296123946289e-12 7.889799720260278320e+11
4.939621743878325651e+04 1.383879253309486953e-12 7.226063961928352051e+11
4.987672141124658083e+04 1.510029496844089568e-12 6.622387192369195557e+11
5.036189950815767952e+04 1.646635600952728115e-12 6.072989065834658203e+11
5.085179719727656629e+04 1.794469923166176007e-12 5.572676293373547363e+11
5.134646038865306036e+04 1.954354066314879407e-12 5.116780102622833862e+11
5.184593543892913294e+04 2.127161432448941968e-12 4.701100653412692871e+11
5.235026915568308323e+04 2.313819869824019764e-12 4.321857604568224487e+11
5.285950880181609682e+04 2.515314413969177211e-12 3.975646123786153564e+11
5.337370209998128121e+04 2.732690123720497614e-12 3.659397716995888062e+11
5.389289723705649521e+04 2.967055012965032246e-12 3.370345327708237305e+11
5.441714286865887698e+04 3.219583078692500385e-12 3.105992221844166260e+11
5.494648812370609085e+04 3.491517425796997990e-12 2.864084230574141235e+11
5.548098260901917092e+04 3.784173488909664816e-12 2.642584973788107910e+11
5.602067641397187253e+04 4.098942351373572226e-12 2.439653730833506165e+11
5.656562011518465442e+04 4.437294161296407323e-12 2.253625663861416016e+11
5.711586478126434668e+04 4.800781644434345349e-12 2.082994133172714844e+11
5.767146197759002825e+04 5.191043713471247147e-12 1.926394873934322510e+11
5.823246377114521601e+04 5.609809173062770705e-12 1.782591830042648315e+11
5.879892273539790767e+04 6.058900519815052451e-12 1.650464464187183838e+11
5.937089195522606315e+04 6.540237836162073702e-12 1.528996383695455322e+11
5.994842503189409035e+04 7.055842776895504103e-12 1.417265139856176758e+11
6.053157608807464567e+04 7.607842646886906106e-12 1.314433074413277130e+11
6.112039977292132971e+04 8.198474568323480063e-12 1.219739101056322021e+11
6.171495126718984829e+04 8.830089735558365411e-12 1.132491322226371002e+11
6.231528628840915189e+04 9.505157755450651085e-12 1.052060392607959290e+11
6.292146109610350686e+04 1.022627107084536099e-11 9.778735504586369324e+10
6.353353249706337374e+04 1.099614946461599813e-11 9.094092465893209839e+10
6.415155785067079705e+04 1.181764464146201779e-11 8.461923084838040161e+10
6.477559507427331846e+04 1.269374488442704582e-11 7.877895838499330139e+10
6.540570264861226315e+04 1.362757978287116985e-11 7.338060139313392639e+10
6.604193962330305658e+04 1.462242502840796502e-11 6.838810922656351471e+10
6.668436562236896134e+04 1.568170727508486545e-11 6.376856693332125092e+10
6.733304084982867062e+04 1.680900905986668743e-11 5.949190677680144501e+10
6.798802609533807845e+04 1.800807377925936763e-11 5.553064765603863525e+10
6.864938273988784931e+04 1.928281071769173642e-11 5.185965960255538177e+10
6.931717276155400032e+04 2.063730012306482125e-11 4.845595082868287659e+10
6.999145874130817538e+04 2.207579832466642967e-11 4.529847506727076721e+10
7.067230386888071371e+04 2.360274288844904769e-11 4.236795717879850006e+10
7.135977194868306105e+04 2.522275780447425891e-11 3.964673521238070679e+10
7.205392740578704979e+04 2.694065870113438945e-11 3.711861729490277863e+10
7.275483529196232848e+04 2.876145808058899950e-11 3.476875189004747772e+10
7.346256129177263938e+04 3.069037056967418889e-11 3.258351011858167267e+10
7.417717172873116215e+04 3.273281818038395909e-11 3.055037896490310287e+10
7.489873357151672826e+04 3.489443557386989111e-11 2.865786431429867172e+10
7.562731444024796656e+04 3.718107532176010869e-11 2.689540287219055176e+10
7.636298261282242311e+04 3.959881315846949500e-11 2.525328211222203064e+10
7.710580703131336486e+04 4.215395321804913787e-11 2.372256748560009384e+10
7.785585730843145575e+04 4.485303324901918698e-11 2.229503620074272919e+10
7.861320373404814745e+04 4.770282980052612493e-11 2.096311695095645523e+10
7.937791728178285121e+04 5.071036337309450459e-11 1.971983502943250275e+10
8.015006961565413803e+04 5.388290352715681586e-11 1.855876232608740234e+10
8.092973309679541853e+04 5.722797394250597065e-11 1.747397175033051300e+10
8.171698079023705213e+04 6.075335742175971268e-11 1.645999566835190392e+10
8.251188647175162623e+04 6.446710083091090411e-11 1.551178798349989891e+10
8.331452463477014680e+04 6.837751997001470647e-11 1.462468952425483704e+10
8.412497049736118061e+04 7.249320436706963108e-11 1.379439643661626625e+10
8.494330000928071968e+04 7.682302198817294483e-11 1.301693130678915405e+10
8.576958985908946488e+04 8.137612385705620384e-11 1.228861676622225952e+10
8.660391748133943474e+04 8.616194857715361724e-11 1.160605135461335564e+10
8.744636106383152946e+04 9.119022674943218637e-11 1.096608743772233963e+10
8.829699955494083406e+04 9.647098527927683879e-11 1.036581099597012520e+10
8.915591267101759149e+04 1.020145515658295008e-10 9.802523117054578781e+09
9.002318090385581309e+04 1.078315575672839583e-10 9.273723041383567810e+09
9.089888552823731152e+04 1.139329437357737689e-10 8.777092623176120758e+09
9.178310860954805685e+04 1.203299628156130639e-10 8.310482082773883820e+09
9.267593301146883459e+04 1.270341834988339219e-10 7.871896937167145729e+09
9.357744240374067158e+04 1.340574939321013330e-10 7.459486006104882240e+09
9.448772127000568435e+04 1.414121050693035954e-10 7.071530400526302338e+09
9.540685491572522733e+04 1.491105538642799913e-10 6.706433408531210899e+09
9.633492947617212485e+04 1.571657062984064154e-10 6.362711201776590347e+09
9.727203192450536881e+04 1.655907602379244600e-10 6.038984292137906075e+09
9.821825007991856546e+04 1.743992481162055819e-10 5.733969674764198303e+09
9.917367261587073153e+04 1.836050394363331319e-10 5.446473599363049507e+09
1.001383890683960781e+05 1.932223430896789619e-10 5.175384916721959114e+09
1.011124898444946448e+05 2.032657094864325395e-10 4.919668952164051056e+09
1.020960662306047598e+05 2.137500324942927135e-10 4.678361861894456863e+09
1.030892104011575138e+05 2.246905511818466781e-10 4.450565432058063507e+09
1.040920154272159125e+05 2.361028513634827182e-10 4.235442283839638710e+09
1.051045752851944417e+05 2.480028669429449625e-10 4.032211451128337383e+09
1.061269848656690156e+05 2.604068810530100099e-10 3.840144300167068005e+09
1.071593399822671199e+05 2.733315269890559713e-10 3.658560763244993210e+09
1.082017373806478863e+05 2.867937889346578842e-10 3.486825860890023232e+09
1.092542747475683136e+05 3.008110024776508076e-10 3.324346489202290535e+09
1.103170507200378051e+05 3.154008549154806498e-10 3.170568450957352161e+09
1.113901648945617926e+05 3.305813853489614721e-10 3.024973710919629574e+09
1.124737178364750725e+05 3.463709845639938311e-10 2.887077857456171513e+09
1.135678110893670382e+05 3.627883947010333836e-10 2.756427754046762943e+09
1.146725471845963039e+05 3.798527087125913580e-10 2.632599365657365322e+09
1.157880296509002219e+05 3.975833696092687836e-10 2.515195746197245121e+09
1.169143630240966741e+05 4.160001694953002399e-10 2.403845174421972275e+09
1.180516528568805516e+05 4.351232483948714222e-10 2.298199426688657761e+09
1.192000057287153904e+05 4.549730928708281239e-10 2.197932175923007965e+09
1.203595292558213550e+05 4.755705344377954756e-10 2.102737507028622866e+09
1.215303321012603410e+05 4.969367477720271121e-10 2.012328539765701532e+09
1.227125239851189108e+05 5.190932487206770004e-10 1.926436150854464293e+09
1.239062156947915646e+05 5.420618921134947831e-10 1.844807787725140095e+09
1.251115190953615092e+05 5.658648693803507619e-10 1.767206366945960045e+09
1.263285471400849201e+05 5.905247059782234970e-10 1.693409250919429779e+09
1.275574138809759897e+05 6.160642586317029500e-10 1.623207296948259354e+09
1.287982344794950914e+05 6.425067123913182630e-10 1.556403973241217613e+09
1.300511252173409885e+05 6.698755775143492710e-10 1.492814536858644009e+09
1.313162035073477309e+05 6.981946861730052117e-10 1.432265268991478205e+09
1.325935879044892208e+05 7.274881889952653164e-10 1.374592763328709126e+09
1.338833981169863837e+05 7.577805514437944518e-10 1.319643263600136280e+09
1.351857550175292126e+05 7.890965500388308885e-10 1.267272046685276508e+09
1.365007806546013744e+05 8.214612684309367567e-10 1.217342847959329605e+09
1.378285982639189169e+05 8.549000933300021911e-10 1.169727325803422928e+09
1.391693322799790476e+05 8.894387102969607596e-10 1.124304562442673206e+09
1.405231083477212233e+05 9.251030994049944023e-10 1.080960598492403269e+09
1.418900533343017742e+05 9.619195307771069224e-10 1.039587998792507052e+09
1.432702953409829352e+05 9.999145600073180249e-10 1.000085447293298006e+09
1.446639637151389616e+05 1.039115023472722970e-09 9.623573689253375530e+08
1.460711890623744985e+05 1.079548033543955424e-09 9.263135765410882235e+08
1.474921032587684167e+05 1.121240973701753933e-09 8.918689411594731808e+08
1.489268394632288837e+05 1.164221493567357588e-09 8.589430838764562607e+08
1.503755321299738425e+05 1.208517503854747587e-09 8.274600879261989594e+08
1.518383170211307588e+05 1.254157171252756297e-09 7.973482294895439148e+08
1.533153312194594764e+05 1.301168913245185125e-09 7.685397259499125481e+08
1.548067131411985902e+05 1.349581392877236500e-09 7.409705003920161724e+08
1.563126025490367902e+05 1.399423513476513385e-09 7.145799612268577814e+08
1.578331405652116518e+05 1.450724413336978248e-09 6.893107959076699018e+08
1.593684696847328159e+05 1.503513460374367902e-09 6.651087777764254808e+08
1.609187337887370086e+05 1.557820246761353583e-09 6.419225851499621868e+08
1.624840781579713221e+05 1.613674583551190805e-09 6.197036318185752630e+08
1.640646494864079577e+05 1.671106495298034861e-09 5.984059081893845797e+08
1.656605958949915075e+05 1.730146214682602589e-09 5.779858323612557650e+08
1.672720669455195020e+05 1.790824177151531631e-09 5.584021104688181877e+08
1.688992136546600668e+05 1.853171015578881460e-09 5.396156056798819304e+08
1.705421885081004875e+05 1.917217554958147648e-09 5.215892152739180326e+08
1.722011454748420219e+05 1.982994807132962753e-09 5.042877552694208622e+08
1.738762400216250389e+05 2.050533965574943189e-09 4.876778521050310135e+08
1.755676291275001422e+05 2.119866400216606065e-09 4.717278409138523936e+08
1.772754712985388178e+05 2.191023652347441875e-09 4.564076699622159004e+08
1.789999265826876217e+05 2.264037429581130108e-09 4.416888108537189960e+08
1.807411565847669553e+05 2.338939600901780379e-09 4.275441741267918944e+08
1.824993244816150400e+05 2.415762191796522114e-09 4.139480298995544910e+08
1.842745950373818632e+05 2.494537379482509463e-09 4.008759332391521335e+08
1.860671346189655305e+05 2.575297488235252531e-09 3.883046539548561573e+08
1.878771112116085133e+05 2.658074984825745181e-09 3.762121105344049335e+08
1.897046944346358359e+05 2.742902474073511880e-09 3.645773079619888663e+08
1.915500555573527818e+05 2.829812694522148806e-09 3.533802791738706231e+08
1.934133675150945783e+05 2.918838514244371675e-09 3.426020299238376021e+08
1.952948049254328653e+05 3.010012926782956100e-09 3.322244868459022641e+08
1.971945441045397893e+05 3.103369047233822743e-09 3.222304485157337785e+08
1.991127630837106844e+05 3.198940108477410293e-09 3.126035393253945112e+08
2.010496416260497062e+05 3.296759457564196050e-09 3.033281659981489778e+08
2.030053612433136732e+05 3.396860552260247411e-09 2.943894765814296007e+08
2.049801052129237505e+05 3.499276957757783475e-09 2.857733217666673660e+08
2.069740585951406101e+05 3.604042343556433241e-09 2.774662183944292665e+08
2.089874082504071121e+05 3.711190480520068666e-09 2.694553150125198364e+08
2.110203428568596428e+05 3.820755238113707919e-09 2.617283593632384241e+08
2.130730529280098563e+05 3.932770581825280268e-09 2.542736676838849187e+08
2.151457308305982733e+05 4.047270570776646163e-09 2.470800957120359242e+08
2.172385708026213397e+05 4.164289355527395077e-09 2.401370112940561771e+08
2.193517689715357847e+05 4.283861176075812589e-09 2.334342685016790926e+08
2.214855233726359147e+05 4.406020360060280376e-09 2.269621831675599813e+08
2.236400339676138829e+05 4.530801321164204802e-09 2.207115097563021481e+08
2.258155026632983063e+05 4.658238557728222098e-09 2.146734194926441014e+08
2.280121333305758308e+05 4.788366651571551188e-09 2.088394796734702885e+08
2.302301318234964856e+05 4.921220267025929445e-09 2.032016340947762430e+08
2.324697059985645465e+05 5.056834150183883367e-09 1.977521845290569067e+08
2.347310657342198538e+05 5.195243128363925697e-09 1.924837731925200224e+08
2.370144229505010881e+05 5.336482109793712996e-09 1.873893661453042924e+08
2.393199916289121902e+05 5.480586083513894163e-09 1.824622375712867081e+08
2.416479878324700694e+05 5.627590119502991547e-09 1.776959548874032795e+08
2.439986297259550192e+05 5.777529369025004579e-09 1.730843646353902519e+08
2.463721375963552855e+05 5.930439065200520903e-09 1.686215791117293537e+08
2.487687338735108497e+05 6.086354523802067083e-09 1.643019636942398846e+08
2.511886431509582035e+05 6.245311144273851898e-09 1.601201248262661099e+08
2.536320922069773078e+05 6.407344410976750090e-09 1.560708986217205226e+08
2.560993100258462073e+05 6.572489894657735786e-09 1.521493400564711392e+08
2.585905278192944534e+05 6.740783254144213088e-09 1.483507127135712206e+08
2.611059790481779783e+05 6.912260238262916274e-09 1.446704790517702997e+08
2.636458994443517877e+05 7.086956687981773230e-09 1.411042911685665250e+08
2.662105270327638718e+05 7.264908538775323534e-09 1.376479820306966007e+08
2.688001021537607303e+05 7.446151823211694389e-09 1.342975571465956569e+08
2.714148674856108264e+05 7.630722673760355201e-09 1.310491866568135321e+08
2.740550680672463495e+05 7.818657325818988982e-09 1.278991978197806478e+08
2.767209513212265447e+05 8.009992120958782462e-09 1.248440678716050535e+08
2.794127670769267133e+05 8.204763510384862560e-09 1.218804172398495823e+08
2.821307675939470646e+05 8.403008058611819665e-09 1.190050030923331678e+08
2.848752075857552118e+05 8.604762447350827866e-09 1.162147132031370401e+08
2.876463442435557954e+05 8.810063479607127122e-09 1.135065601189735979e+08
2.904444372603925876e+05 9.018948083984869697e-09 1.108776756100548506e+08
2.932697488554854644e+05 9.231453319197239732e-09 1.083253053904798627e+08
2.961225437988037593e+05 9.447616378779213865e-09 1.058468040940096080e+08
2.990030894358788501e+05 9.667474596000021460e-09 1.034396304918925017e+08
3.019116557128574350e+05 9.891065448972710381e-09 1.011013429401440620e+08
3.048485152018016088e+05 1.011842656595732929e-08 9.882959504439389706e+07
3.078139431262287544e+05 1.034959573085553111e-08 9.662213153105804324e+07
3.108082173869063845e+05 1.058461088889237574e-08 9.447678431423611939e+07
3.138316185878944816e+05 1.082351015248264864e-08 9.239146874829922616e+07
3.168844300628417986e+05 1.106633180727815493e-08 9.036418005669371784e+07
3.199669379015382729e+05 1.131311431839273166e-08 8.839298992799988389e+07
3.230794309767246596e+05 1.156389633680063701e-08 8.647604327078118920e+07
3.262222009711673018e+05 1.181871670590583350e-08 8.461155511920326948e+07
3.293955424049853464e+05 1.207761446827732098e-08 8.279780768185375631e+07
3.325997526632605586e+05 1.234062887254762607e-08 8.103314752658613026e+07
3.358351320238990011e+05 1.260779938047003914e-08 7.931598289460712671e+07
3.391019836857747287e+05 1.287916567413093609e-08 7.764478113738359511e+07
3.424006137971425778e+05 1.315476766331304899e-08 7.601806627029006183e+07
3.457313314843286062e+05 1.343464549300608736e-08 7.443441663723748922e+07
3.490944488806994632e+05 1.371883955106023008e-08 7.289246268083347380e+07
3.524902811559127294e+05 1.400739047597855063e-08 7.139088481290733814e+07
3.559191465454560821e+05 1.430033916484448442e-08 6.992841138050553203e+07
3.593813663804625394e+05 1.459772678137990801e-08 6.850381672272065282e+07
3.628772651178335655e+05 1.489959476412977029e-08 6.711591931395769119e+07
3.664071703706370899e+05 1.520598483476909024e-08 6.576357998946967721e+07
3.699714129388128058e+05 1.551693900652832412e-08 6.444570024921008199e+07
3.735703268401721143e+05 1.583249959273257265e-08 6.316122063625503331e+07
3.772042493417001097e+05 1.615270921545062118e-08 6.190911918623939902e+07
3.808735209911618149e+05 1.647761081424923034e-08 6.068840994443422556e+07
3.845784856490154634e+05 1.680724765504949088e-08 5.949814154726070166e+07
3.883194905206402182e+05 1.714166333907925711e-08 5.833739586520859599e+07
3.920968861888688989e+05 1.748090181191946546e-08 5.720528670426737517e+07
3.959110266468458576e+05 1.782500737263824657e-08 5.610095856313757598e+07
3.997622693312000483e+05 1.817402468300999882e-08 5.502358544361672550e+07
4.036509751555416151e+05 1.852799877681477775e-08 5.397236971169067919e+07
4.075775085442842101e+05 1.888697506921334939e-08 5.294654100698457658e+07
4.115422374667961849e+05 1.925099936619422812e-08 5.194535519834117591e+07
4.155455334718879312e+05 1.962011787408905289e-08 5.096809338340578973e+07
4.195877717226221575e+05 1.999437720915063395e-08 5.001406093020690233e+07
4.236693310314833652e+05 2.037382440719117863e-08 4.908258655881211907e+07
4.277905938958685147e+05 2.075850693327606068e-08 4.817302146123965830e+07
4.319519465339363669e+05 2.114847269146785232e-08 4.728473845789537579e+07
4.361537789208005415e+05 2.154377003461898137e-08 4.641713118888134509e+07
4.403964848250756040e+05 2.194444777420695833e-08 4.556961333861310780e+07
4.446804618457782781e+05 2.235055519020866632e-08 4.474161789225173742e+07
4.490061114495869842e+05 2.276214204101060019e-08 4.393259642252903432e+07
4.533738390084695420e+05 2.317925857334983052e-08 4.314201840561639518e+07
4.577840538376616314e+05 2.360195553228267478e-08 4.236937056474847347e+07
4.622371692340381560e+05 2.403028417117680425e-08 4.161415624037659168e+07
4.667336025148346671e+05 2.446429626172312710e-08 4.087589478568412364e+07
4.712737750567601179e+05 2.490404410396318943e-08 4.015412098635263741e+07
4.758581123354849406e+05 2.534958053632884834e-08 3.944838450351814181e+07
4.804870439655134105e+05 2.580095894568986279e-08 3.875824933890891075e+07
4.851610037404448376e+05 2.625823327740583540e-08 3.808329332120224088e+07
4.898804296736245160e+05 2.672145804537942811e-08 3.742310761268194020e+07
4.946457640391968889e+05 2.719068834210534606e-08 3.677729623532477021e+07
4.994574534135411377e+05 2.766597984871383878e-08 3.614547561547829211e+07
5.043159487171358778e+05 2.814738884500240922e-08 3.552727414633882791e+07
5.092217052568053477e+05 2.863497221945440364e-08 3.492233176746743172e+07
5.141751827683927841e+05 2.912878747923930094e-08 3.433029956062266231e+07
5.191768454598429380e+05 2.962889276019159129e-08 3.375083936121862382e+07
5.242271620547046768e+05 3.013534683676444886e-08 3.318362338474971056e+07
5.293266058360566385e+05 3.064820913195515474e-08 3.262833386755236238e+07
5.344756546908593737e+05 3.116753972719798185e-08 3.208466272130430490e+07
5.396747911547439871e+05 3.169339937222057138e-08 3.155231120068821684e+07
5.449245024572256953e+05 3.222584949486229868e-08 3.103098958367034048e+07
5.502252805673684925e+05 3.276495221084820628e-08 3.052041686387408525e+07
5.555776222398878308e+05 3.331077033351689275e-08 3.002032045454715937e+07
5.609820290617034771e+05 3.386336738349849277e-08 2.953043590364544839e+07
5.664390074989452260e+05 3.442280759833810297e-08 2.905050661957855150e+07
5.719490689444137970e+05 3.498915594206293311e-08 2.858028360717983171e+07
5.775127297655120492e+05 3.556247811468735901e-08 2.811952521348613128e+07
5.831305113526218338e+05 3.614284056165466653e-08 2.766799688292730972e+07
5.888029401679823641e+05 3.673031048320947109e-08 2.722547092154666409e+07
5.945305477950134082e+05 3.732495584369960188e-08 2.679172626988649368e+07
6.003138709881384857e+05 3.792684538080125686e-08 2.636654828419250995e+07
6.061534517230839701e+05 3.853604861466726954e-08 2.594972852560156956e+07
6.120498372476702789e+05 3.915263585698975938e-08 2.554106455699774250e+07
6.180035801330960821e+05 3.977667821997948171e-08 2.514035974722767621e+07
6.240152383257203037e+05 4.040824762525272538e-08 2.474742308238727227e+07
6.300853751993559999e+05 4.104741681262586392e-08 2.436206898389785737e+07
6.362145596080517862e+05 4.169425934881189578e-08 2.398411713310589269e+07
6.424033659394191345e+05 4.234884963601516190e-08 2.361339230215027556e+07
6.486523741684461711e+05 4.301126292042113046e-08 2.324972419085174799e+07
6.549621699118558317e+05 4.368157530057815849e-08 2.289294726938944310e+07
6.613333444829843938e+05 4.435986373566387167e-08 2.254290062654166669e+07
6.677664949471958680e+05 4.504620605363643371e-08 2.219942782327332720e+07
6.742622241778349271e+05 4.574068095926476280e-08 2.186237675146483257e+07
6.808211409127230290e+05 4.644336804203230854e-08 2.153159949758547172e+07
6.874438598112108884e+05 4.715434778391329083e-08 2.120695221112039313e+07
6.941310015117721632e+05 4.787370156701396938e-08 2.088829497757119313e+07
7.008831926901709521e+05 4.860151168107807696e-08 2.057549169585455209e+07
7.077010661181889009e+05 4.933786133084850842e-08 2.026840995993374661e+07
7.145852607229240239e+05 5.008283464328467012e-08 1.996692094452134520e+07
7.215364216466669459e+05 5.083651667462716479e-08 1.967089929470140859e+07
7.285552003073596861e+05 5.159899341730948775e-08 1.938022301932227984e+07
7.356422544596421067e+05 5.237035180670838985e-08 1.909477338802037388e+07
7.427982482564910315e+05 5.315067972773023353e-08 1.881443483173878118e+07
7.500238523114664713e+05 5.394006602122914023e-08 1.853909484661051258e+07
7.573197437615479575e+05 5.473860049025084736e-08 1.826864390108226985e+07
7.646866063305975404e+05 5.554637390609683558e-08 1.800297534615916386e+07
7.721251303934328025e+05 5.636347801420685352e-08 1.774198532865452766e+07
7.796360130405237433e+05 5.719000553985131663e-08 1.748557270733566955e+07
7.872199581433199346e+05 5.802605019363013262e-08 1.723363897185916081e+07
7.948776764202114427e+05 5.887170667677306966e-08 1.698608816439382732e+07
8.026098855031403946e+05 5.972707068623467941e-08 1.674282680383436941e+07
8.104173100048351334e+05 6.059223891958123379e-08 1.650376381251091138e+07
8.183006815867389087e+05 6.146730907966102637e-08 1.626881044530532137e+07
8.262607390275591752e+05 6.235237987905370413e-08 1.603788022108734585e+07
8.342982282925081672e+05 6.324755104429452664e-08 1.581088885638693161e+07
8.424139026032094844e+05 6.415292331986485739e-08 1.558775420122361742e+07
8.506085225082844263e+05 6.506859847194455942e-08 1.536839617701566406e+07
8.588828559546258766e+05 6.599467929192215286e-08 1.515273671649468131e+07
8.672376783593635773e+05 6.693126959965045217e-08 1.494069970555619709e+07
8.756737726825403515e+05 6.787847424644999942e-08 1.473221092697585747e+07
8.841919295004659798e+05 6.883639911784672772e-08 1.452719800592731871e+07
8.927929470798302209e+05 6.980515113604124751e-08 1.432559035723780468e+07
9.014776314524917398e+05 7.078483826210117966e-08 1.412731913432101160e+07
9.102467964910225710e+05 7.177556949787260434e-08 1.393231717972839810e+07
9.191012639849777333e+05 7.277745488759956161e-08 1.374051897726350091e+07
9.280418637179076904e+05 7.379060551924920799e-08 1.355186060560429096e+07
9.370694335451208754e+05 7.481513352553189554e-08 1.336627969338227063e+07
9.461848194721991895e+05 7.585115208461156788e-08 1.318371537566766329e+07
9.553888757342890603e+05 7.689877542049718199e-08 1.300410825181297213e+07
9.646824648761422141e+05 7.795811880310980915e-08 1.282740034460797161e+07
9.740664578329562210e+05 7.902929854801603129e-08 1.265353506070191786e+07
9.835417340119908331e+05 8.011243201582110807e-08 1.248245715224964917e+07
9.931091813749800203e+05 8.120763761121257078e-08 1.231411267974044941e+07
1.002769696521346574e+06 8.231503478164950509e-08 1.214844897596921213e+07
1.012524184772223118e+06 8.343474401568529338e-08 1.198541461111219041e+07
1.022373560255303280e+06 8.456688684091984649e-08 1.182495935886958241e+07
1.032318745990485535e+06 8.571158582156857942e-08 1.166703416363997199e+07
1.042360673976403312e+06 8.686896455564476947e-08 1.151159110869153030e+07
1.052500285277732648e+06 8.803914767174179719e-08 1.135858338529750519e+07
1.062738530113414628e+06 8.922226082541028058e-08 1.120796526280358993e+07
1.073076367945679463e+06 9.041843069511938231e-08 1.105969205959662981e+07
1.083514767569973134e+06 9.162778497779436220e-08 1.091372011494489573e+07
1.094054707205743529e+06 9.285045238391950919e-08 1.077000676168150827e+07
1.104697174588110531e+06 9.408656263220174112e-08 1.062851029970291816e+07
1.115443167060442269e+06 9.533624644377852727e-08 1.048918997025667131e+07
1.126293691667794017e+06 9.659963553596739399e-08 1.035200593099199980e+07
1.137249765251314268e+06 9.787686261554453302e-08 1.021691923174888082e+07
1.148312414543511113e+06 9.916806137154353908e-08 1.008389179106159136e+07
1.159482676264482550e+06 1.004733664675614523e-07 9.952886373354049399e+06
1.170761597219069256e+06 1.017929135335689555e-07 9.823866566804014146e+06
1.182150234394951258e+06 1.031268391572080106e-07 9.696796761855427176e+06
1.193649655061714351e+06 1.044752808745714549e-07 9.571642130357678980e+06
1.205260936870841309e+06 1.058383771604499462e-07 9.448368605312323198e+06
1.216985167956739198e+06 1.072162674180424581e-07 9.326942861207263544e+06
1.228823447038672166e+06 1.086090919681122465e-07 9.207332294920586050e+06
1.240776883523764089e+06 1.100169920375841315e-07 9.089505007175426930e+06
1.252846597610937431e+06 1.114401097475702712e-07 8.973429784528752789e+06
1.265033720395903802e+06 1.128785881008106210e-07 8.859076081877557561e+06
1.277339393977160100e+06 1.143325709685234097e-07 8.746414005465749651e+06
1.289764771563015878e+06 1.158022030766504884e-07 8.635414296376479790e+06
1.302311017579678679e+06 1.172876299914887671e-07 8.526048314494607970e+06
1.314979307780346600e+06 1.187889981046937737e-07 8.418288022924965248e+06
1.327770829355431721e+06 1.203064546176476086e-07 8.312105972852027044e+06
1.340686781043774681e+06 1.218401475251794210e-07 8.207475288827441633e+06
1.353728373245021794e+06 1.233902255986276090e-07 8.104369654472228140e+06
1.366896828133026371e+06 1.249568383682269206e-07 8.002763298581284471e+06
1.380193379770397209e+06 1.265401361048216876e-07 7.902630981617032550e+06
1.393619274224143475e+06 1.281402698008784704e-07 7.803947982581385411e+06
1.407175769682445331e+06 1.297573911508013295e-07 7.706690086253514513e+06
1.420864136572578223e+06 1.313916525305246054e-07 7.610833570783214644e+06
1.434685657679936383e+06 1.330432069763840253e-07 7.516355195628333837e+06
1.448641628268291708e+06 1.347122081632479806e-07 7.423232189826272428e+06
1.462733356201129965e+06 1.363988103818984643e-07 7.331442240589440800e+06
1.476962162064259872e+06 1.381031685156503945e-07 7.240963482214936055e+06
1.491329379289537668e+06 1.398254380161990787e-07 7.151774485298932530e+06
1.505836354279841529e+06 1.415657748786828488e-07 7.063854246246783063e+06
1.520484446535245748e+06 1.433243356159530595e-07 6.977182177069813013e+06
1.535275028780421242e+06 1.451012772320312779e-07 6.891738095460738987e+06
1.550209487093292875e+06 1.468967571947556522e-07 6.807502215138761327e+06
1.565289221034900751e+06 1.487109334075922898e-07 6.724455136457008310e+06
1.580515643780601211e+06 1.505439641806093708e-07 6.642577837264124304e+06
1.595890182252465980e+06 1.523960082005975052e-07 6.561851664012805559e+06
1.611414277253019856e+06 1.542672245003283656e-07 6.482258323107844219e+06
1.627089383600260597e+06 1.561577724269396063e-07 6.403779872486735694e+06
1.642916970263991505e+06 1.580678116094349238e-07 6.326398713426047936e+06
1.658898520503499778e+06 1.599975019252879034e-07 6.250097582566994242e+06
1.675035532006522641e+06 1.619470034661402024e-07 6.174859544153772295e+06
1.691329517029650509e+06 1.639164765025868434e-07 6.100667982478371821e+06
1.707782002539991168e+06 1.659060814480245310e-07 6.027506594526388682e+06
1.724394530358320335e+06 1.679159788215756955e-07 5.955359382817169651e+06
1.741168657303530956e+06 1.699463292100547287e-07 5.884210648433563299e+06
1.758105955338547705e+06 1.719972932289824986e-07 5.814044984235219657e+06
1.775208011717635905e+06 1.740690314826306666e-07 5.744847268250493333e+06
1.792476429135147016e+06 1.761617045230937440e-07 5.676602657241579145e+06
1.809912825875729090e+06 1.782754728083698288e-07 5.609296580438243225e+06
1.827518835965942824e+06 1.804104966594535155e-07 5.542914733434940688e+06
1.845296109327447135e+06 1.825669362164150410e-07 5.477443072247205302e+06
1.863246311931559816e+06 1.847449513934788442e-07 5.412867807522117160e+06
1.881371125955437077e+06 1.869447018330728233e-07 5.349175398899096064e+06
1.899672249939675443e+06 1.891663468588537411e-07 5.286352549516372383e+06
1.918151398947507609e+06 1.914100454276934007e-07 5.224386200659242459e+06
1.936810304725521943e+06 1.936759560806225737e-07 5.163263526545981877e+06
1.955650715865947073e+06 1.959642368927251630e-07 5.102971929247582331e+06
1.974674397970539518e+06 1.982750454219725689e-07 5.043499033737612888e+06
1.993883133815998910e+06 2.006085386569969348e-07 4.984832683068455197e+06
2.013278723521096399e+06 2.029648729637899574e-07 4.926960933670554310e+06
2.032862984715323895e+06 2.053442040313335630e-07 4.869872050770956092e+06
2.052637752709252061e+06 2.077466868161423040e-07 4.813554503928185441e+06
2.072604880666519748e+06 2.101724754857253395e-07 4.757996962679915130e+06
2.092766239777499577e+06 2.126217233609577278e-07 4.703188292300443165e+06
2.113123719434654806e+06 2.150945828573552089e-07 4.649117549664988182e+06
2.133679227409595624e+06 2.175912054252585112e-07 4.595773979217625223e+06
2.154434690031886566e+06 2.201117414889114334e-07 4.543147009040301666e+06
2.175392052369520068e+06 2.226563403844400591e-07 4.491226247019926086e+06
2.196553278411258012e+06 2.252251502967273096e-07 4.440001477110927925e+06
2.217920351250634994e+06 2.278183181951845261e-07 4.389462655690596439e+06
2.239495273271823302e+06 2.304359897684109250e-07 4.339599908004838973e+06
2.261280066337279510e+06 2.330783093577556681e-07 4.290403524701579474e+06
2.283276771977215540e+06 2.357454198897681506e-07 4.241863958449706435e+06
2.305487451580940746e+06 2.384374628075467739e-07 4.193971820641051978e+06
2.327914186589990743e+06 2.411545780009830833e-07 4.146717878173241857e+06
2.350559078693256248e+06 2.438969037359099494e-07 4.100093050311100669e+06
2.373424250023866072e+06 2.466645765821454053e-07 4.054088405624693725e+06
2.396511843358130194e+06 2.494577313404537094e-07 4.008695159001605585e+06
2.419824022316292860e+06 2.522765009684074110e-07 3.963904668731829152e+06
2.443362971565319691e+06 2.551210165051729946e-07 3.919708433662984520e+06
2.467130897023623809e+06 2.579914069952154992e-07 3.876098090424171183e+06
2.491130026067785919e+06 2.608877994109368287e-07 3.833065410716475453e+06
2.515362607741315849e+06 2.638103185742465358e-07 3.790602298668468837e+06
2.539830912965360098e+06 2.667590870770813329e-07 3.748700788254853804e+06
2.564537234751597513e+06 2.697342252008803691e-07 3.707353040776585229e+06
2.589483888417040464e+06 2.727358508350185522e-07 3.666551342400941066e+06
2.614673211801092140e+06 2.757640793942329587e-07 3.626288101759612095e+06
2.640107565484572668e+06 2.788190237350107828e-07 3.586555847603851464e+06
2.665789333010967821e+06 2.819007940710083847e-07 3.547347226514405105e+06
2.691720921109790448e+06 2.850094978874584525e-07 3.508655000665519852e+06
2.717904759922120254e+06 2.881452398546279050e-07 3.470472045640975237e+06
2.744343303228368051e+06 2.913081217403044062e-07 3.432791348301235586e+06
2.771039028678167611e+06 2.944982423213538434e-07 3.395606004700052086e+06
2.797994438022641931e+06 2.977156972943564990e-07 3.358909218049336690e+06
2.825212057348790113e+06 3.009605791853398075e-07 3.322694296731043141e+06
2.852694437316245399e+06 3.042329772586289815e-07 3.286954652354791760e+06
2.880444153396297712e+06 3.075329774248361519e-07 3.251683797860049177e+06
2.908463806113254279e+06 3.108606621480112634e-07 3.216875345661672298e+06
2.936756021288140677e+06 3.142161103519783884e-07 3.182523005837672390e+06
2.965323450284770690e+06 3.175993973258763072e-07 3.148620584358159918e+06
2.994168770258246455e+06 3.210105946289308816e-07 3.115161981354354881e+06
3.023294684405776206e+06 3.244497699944944278e-07 3.082141189426545054e+06
3.052703922220086213e+06 3.279169872333614051e-07 3.049552291990143713e+06
3.082399239745143335e+06 3.314123061364085961e-07 3.017389461658681277e+06
3.112383419834465720e+06 3.349357823765753426e-07 2.985646958662896883e+06
3.142659272411905695e+06 3.384874674102218999e-07 2.954319129304937087e+06
3.173229634734972846e+06 3.420674083778908978e-07 2.923400404446814675e+06
3.204097371660756413e+06 3.456756480045234717e-07 2.892885298032084946e+06
3.235265375914326869e+06 3.493122244991382153e-07 2.862768405640115496e+06
3.266736568359924946e+06 3.529771714540280130e-07 2.833044403071944136e+06
3.298513898274578154e+06 3.566705177435113329e-07 2.803708044966921676e+06
3.330600343624588568e+06 3.603922874222576744e-07 2.774754163449504413e+06
3.362998911344536114e+06 3.641424996232586906e-07 2.746177666805161629e+06
3.395712637619100977e+06 3.679211684554488516e-07 2.717973538184957113e+06
3.428744588167588692e+06 3.717283029010561152e-07 2.690136834337773267e+06
3.462097858531224076e+06 3.755639067126864183e-07 2.662662684369771276e+06
3.495775574363278691e+06 3.794279783102223502e-07 2.635546288530137390e+06
3.529780891721910797e+06 3.833205106775586128e-07 2.608782917022615671e+06
3.564116997366035823e+06 3.872414912592288492e-07 2.582367908842122648e+06
3.598787109053855762e+06 3.911909018569829212e-07 2.556296670635744929e+06
3.633794475844513159e+06 3.951687185263363398e-07 2.530564675587686244e+06
3.669142378402493894e+06 3.991749114731769771e-07 2.505167462327341549e+06
3.704834129305106122e+06 4.032094449504590220e-07 2.480100633860068861e+06
3.740873073352904059e+06 4.072722771550425200e-07 2.455359856520052068e+06
3.777262587883137167e+06 4.113633601247378947e-07 2.430940858944680076e+06
3.814006083086288068e+06 4.154826396356110383e-07 2.406839431069913320e+06
3.851107002325568814e+06 4.196300550995934396e-07 2.383051423146189190e+06
3.888568822459721006e+06 4.238055394624801996e-07 2.359572744774212129e+06
3.926395054168756586e+06 4.280090191023536290e-07 2.336399363960274495e+06
3.964589242282997817e+06 4.322404137285043188e-07 2.313527306190560572e+06
4.003154966115265153e+06 4.364996362809132632e-07 2.290952653523956425e+06
4.042095839796301909e+06 4.407865928303415184e-07 2.268671543703007512e+06
4.081415512613506056e+06 4.451011824791254918e-07 2.246680169282404240e+06
4.121117669352828525e+06 4.494432972627141791e-07 2.224974776774716098e+06
4.161206030644211918e+06 4.538128220520149481e-07 2.203551665812964551e+06
4.201684353310129605e+06 4.582096344566424704e-07 2.182407188329480123e+06
4.242556430717777461e+06 4.626336047291135250e-07 2.161537747750795912e+06
4.283826093134470284e+06 4.670845956700725873e-07 2.140939798208105844e+06
4.325497208086634055e+06 4.715624625346062270e-07 2.120609843762985431e+06
4.367573680722232908e+06 4.760670529397357276e-07 2.100544437647920568e+06
4.410059454176732339e+06 4.805982067731510868e-07 2.080740181521346560e+06
4.452958509942660108e+06 4.851557561032564348e-07 2.061193724736862816e+06
4.496274868242635392e+06 4.897395250906095107e-07 2.041901763626254862e+06
4.540012588406248949e+06 4.943493299008292579e-07 2.022861040796006564e+06
4.584175769250333309e+06 4.989849786190585201e-07 2.004068344436943065e+06
4.628768549463215284e+06 5.036462711660218054e-07 1.985520507646844955e+06
4.673795107992463745e+06 5.083329992158173505e-07 1.967214407765491167e+06
4.719259664436561987e+06 5.130449461154641319e-07 1.949146965722070308e+06
4.765166479440331459e+06 5.177818868063155248e-07 1.931315145394542720e+06
4.811519855094200931e+06 5.225435877474235745e-07 1.913715952980671776e+06
4.858324135337422602e+06 5.273298068409115812e-07 1.896346436380537692e+06
4.905583706365045160e+06 5.321402933594465871e-07 1.879203684590233956e+06
4.953302997039113194e+06 5.369747878759149947e-07 1.862284827106410870e+06
5.001486479303549044e+06 5.418330221953513996e-07 1.845587033341540955e+06
5.050138668603383005e+06 5.467147192892160336e-07 1.829107512049612124e+06
5.099264124307808466e+06 5.516195932321211916e-07 1.812843510761954589e+06
5.148867450137497857e+06 5.565473491410500532e-07 1.796792315233114641e+06
5.198953294596029446e+06 5.614976831172069181e-07 1.780951248896356206e+06
5.249526351405502297e+06 5.664702821905244775e-07 1.765317672328773187e+06
5.300591359946457669e+06 5.714648242669587775e-07 1.749888982725648442e+06
5.352153105701899156e+06 5.764809780786240716e-07 1.734662613383947173e+06
5.404216420705915429e+06 5.815184031368783131e-07 1.719636033194669290e+06
5.456786183996382169e+06 5.865767496884178370e-07 1.704806746143939905e+06
5.509867322072253563e+06 5.916556586744719717e-07 1.690172290822622832e+06
5.563464809355226345e+06 5.967547616932119284e-07 1.675730239944183500e+06
5.617583668655902147e+06 6.018736809653916509e-07 1.661478199870814569e+06
5.672228971644549631e+06 6.070120293033803966e-07 1.647413810147421202e+06
5.727405839326260611e+06 6.121694100836043081e-07 1.633534743043481139e+06
5.783119442521032877e+06 6.173454172225132299e-07 1.619838703102519969e+06
5.839375002348160371e+06 6.225396351561577905e-07 1.606323426699024625e+06
5.896177790715694427e+06 6.277516388234218565e-07 1.592986681602732511e+06
5.953533130814369768e+06 6.329809936530467286e-07 1.579826266549996799e+06
6.011446397616513073e+06 6.382272555544505751e-07 1.566840010822265176e+06
6.069923018379741348e+06 6.434899709125090150e-07 1.554025773831311613e+06
6.128968473155557178e+06 6.487686765862829800e-07 1.541381444711295422e+06
6.188588295302966610e+06 6.540628999118536285e-07 1.528904941917310003e+06
6.248788072006887756e+06 6.593721587092743680e-07 1.516594212830440141e+06
6.309573444801942445e+06 6.646959612937398319e-07 1.504447233369128080e+06
6.370950110100935213e+06 6.700338064910577830e-07 1.492462007606695173e+06
6.432923819728876464e+06 6.753851836574634378e-07 1.480636567394958111e+06
6.495500381461868994e+06 6.807495727038509614e-07 1.468968971993807936e+06
6.558685659571435302e+06 6.861264441245346832e-07 1.457457307706531137e+06
6.622485575374069624e+06 6.915152590305260567e-07 1.446099687520931941e+06
6.686906107786130160e+06 6.969154691874557477e-07 1.434894250755999237e+06
6.751953293884212151e+06 7.023265170581814040e-07 1.423839162714055739e+06
6.817633229470755905e+06 7.077478358501196439e-07 1.412932614338323241e+06
6.883952069645496085e+06 7.131788495674059223e-07 1.402172821875707246e+06
6.950916029382126406e+06 7.186189730678786716e-07 1.391558026544816792e+06
7.018531384110795334e+06 7.240676121250035517e-07 1.381086494208995486e+06
7.086804470306189731e+06 7.295241634947379128e-07 1.370756515054368181e+06
7.155741686081341468e+06 7.349880149874077881e-07 1.360566403272756143e+06
7.225349491787221283e+06 7.404585455446343671e-07 1.350514496749393875e+06
7.295634410618146881e+06 7.459351253213809950e-07 1.340599156755296746e+06
7.366603029223167337e+06 7.514171157730940167e-07 1.330818767644322244e+06
7.438261998323155567e+06 7.569038697480601787e-07 1.321171736554677365e+06
7.510618033334286883e+06 7.623947315849520022e-07 1.311656493114908226e+06
7.583677914997190237e+06 7.678890372156153369e-07 1.302271489154246636e+06
7.657448490012479946e+06 7.733861142731286367e-07 1.293015198417230044e+06
7.731936671682362445e+06 7.788852822051664609e-07 1.283886116282512667e+06
7.807149440558491275e+06 7.843858523926602141e-07 1.274882759485830553e+06
7.883093845096224919e+06 7.898871282738157338e-07 1.266003665846986929e+06
7.959777002314977348e+06 7.953884054734659156e-07 1.257247394000842003e+06
8.037206098465429619e+06 8.008889719378027380e-07 1.248612523132182891e+06
8.115388389702713117e+06 8.063881080744580893e-07 1.240097652714472730e+06
8.194331202766655944e+06 8.118850868979997813e-07 1.231701402252303902e+06
8.274041935668218881e+06 8.173791741807587888e-07 1.223422411027633585e+06
8.354528058382871561e+06 8.228696286090723117e-07 1.215259337849590927e+06
8.435797113550610840e+06 8.283557019448700273e-07 1.207210860807901481e+06
8.517856717182794586e+06 8.338366391926392124e-07 1.199275677029793384e+06
8.600714559375951067e+06 8.393116787717144219e-07 1.191452502440385288e+06
8.684378405032249168e+06 8.447800526939166028e-07 1.183740071526432177e+06
8.768856094587445259e+06 8.502409867464696475e-07 1.176137137103443732e+06
8.854155544745348394e+06 8.556937006802244555e-07 1.168642470086037647e+06
8.940284749219998717e+06 8.611374084031146938e-07 1.161254859261532780e+06
9.027251779484577477e+06 8.665713181788219165e-07 1.153973111066715792e+06
9.115064785527916625e+06 8.719946328306249488e-07 1.146796049367701402e+06
9.203731996618229896e+06 8.774065499503723382e-07 1.139722515242861817e+06
9.293261722074305639e+06 8.828062621125518270e-07 1.132751366768745007e+06
9.383662352044282481e+06 8.881929570933741533e-07 1.125881478808969725e+06
9.474942358291719109e+06 8.935658180948392059e-07 1.119111742806017166e+06
9.567110294989774004e+06 8.989240239737244995e-07 1.112441066575866658e+06
9.660174799522645772e+06 9.042667494754126432e-07 1.105868374105455587e+06
9.754144593295099214e+06 9.095931654725024277e-07 1.099392605352893472e+06
9.849028482549766079e+06 9.149024392081341799e-07 1.093012716050379444e+06
9.944835359192388132e+06 9.201937345439289062e-07 1.086727677509807283e+06
1.004157420162520558e+07 9.254662122124900848e-07 1.080536476430969546e+06
1.013925407558814250e+07 9.307190300743370282e-07 1.074438114712374052e+06
1.023788413500868343e+07 9.359513433792488522e-07 1.068431609264541185e+06
1.033747362285939790e+07 9.411623050318226458e-07 1.062515991825860459e+06
1.043803187202444114e+07 9.463510658612527237e-07 1.056690308780835709e+06
1.053956830617394485e+07 9.515167748951439790e-07 1.050953620980774285e+06
1.064209244064724632e+07 9.566585796372875503e-07 1.045305003566836822e+06
1.074561388334457949e+07 9.617756263492875244e-07 1.039743545795400161e+06
1.085014233562744968e+07 9.668670603359018777e-07 1.034268350865720189e+06
1.095568759322788939e+07 9.719320262339872260e-07 1.028878535749840201e+06
1.106225954716620781e+07 9.769696683049274201e-07 1.023573231024695910e+06
1.116986818467824906e+07 9.819791307303943695e-07 1.018351580706406385e+06
1.127852359015096910e+07 9.869595579113278029e-07 1.013212742086686078e+06
1.138823594606782123e+07 9.919100947699925111e-07 1.008155885571346618e+06
1.149901553396274336e+07 9.968298870549506538e-07 1.003180194520867779e+06
1.161087273538378999e+07 1.001718081648827158e-06 9.982848650929819560e+05
1.172381803286599740e+07 1.006573826878708752e-06 9.934691060872370144e+05
1.183786201091372408e+07 1.011396272829007656e-06 9.887321387915235246e+05
1.195301535699267127e+07 1.016184571656673882e-06 9.840731968304850161e+05
1.206928886253118701e+07 1.020937877908528926e-06 9.794915260158415185e+05
1.218669342393193021e+07 1.025655348840632343e-06 9.749863841985202162e+05
1.230524004359261505e+07 1.030336144739445723e-06 9.705570411226161523e+05
1.242493983093746565e+07 1.034979429244674851e-06 9.662027782811077777e+05
1.254580400345803238e+07 1.039584369673570885e-06 9.619228887733274605e+05
1.266784388776455820e+07 1.044150137346544217e-06 9.577166771641277010e+05
1.279107092064741068e+07 1.048675907913911671e-06 9.535834593447076622e+05
1.291549665014882758e+07 1.053160861683573524e-06 9.495225623950827867e+05
1.304113273664526641e+07 1.057604183949428299e-06 9.455333244481729344e+05
1.316799095393984951e+07 1.062005065320384082e-06 9.416150945554308128e+05
1.329608319036608934e+07 1.066362702049722616e-06 9.377672325540243182e+05
1.342542144990170561e+07 1.070676296364648491e-06 9.339891089355193544e+05
1.355601785329368897e+07 1.074945056795823069e-06 9.302801047160327435e+05
1.368788463919415325e+07 1.079168198506700214e-06 9.266396113078116905e+05
1.382103416530722938e+07 1.083344943622438716e-06 9.230670303922278108e+05
1.395547890954730473e+07 1.087474521558196378e-06 9.195617737941503292e+05
1.409123147120804153e+07 1.091556169346643987e-06 9.161232633576288354e+05
1.422830457214354910e+07 1.095589131964420282e-06 9.127509308229204034e+05
1.436671105796011724e+07 1.099572662657421194e-06 9.094442177047432633e+05
1.450646389922046848e+07 1.103506023264595767e-06 9.062025751718282700e+05
1.464757619265895151e+07 1.107388484540178452e-06 9.030254639276212547e+05
1.479006116240903176e+07 1.111219326474045017e-06 8.999123540921938838e+05
1.493393216124253348e+07 1.114997838610026469e-06 8.968627250852929428e+05
1.507920267182095721e+07 1.118723320361980034e-06 8.938760655104916077e+05
1.522588630795913190e+07 1.122395081327411575e-06 8.909518730404094094e+05
1.537399681590067968e+07 1.126012441598390895e-06 8.880896543030071771e+05
1.552354807560668699e+07 1.129574732069647690e-06 8.852889247688497417e+05
1.567455410205595009e+07 1.133081294743548935e-06 8.825492086393771460e+05
1.582702904655883275e+07 1.136531483031801223e-06 8.798700387361103203e+05
1.598098719808309525e+07 1.139924662053670314e-06 8.772509563907632837e+05
1.613644298459311575e+07 1.143260208930504863e-06 8.746915113362323027e+05
1.629341097440196574e+07 1.146537513076354699e-06 8.721912615984367440e+05
1.645190587753660791e+07 1.149755976484508518e-06 8.697497733889567899e+05
1.661194254711660929e+07 1.152915014009719751e-06 8.673666209984576562e+05
1.677353598074569739e+07 1.156014053645956085e-06 8.650413866908425698e+05
1.693670132191772014e+07 1.159052536799446670e-06 8.627736605981235625e+05
1.710145386143542081e+07 1.162029918556864821e-06 8.605630406159496633e+05
1.726780903884356096e+07 1.164945667948424503e-06 8.584091322997845709e+05
1.743578244387577847e+07 1.167799268205724986e-06 8.563115487616792088e+05
1.760538981791556627e+07 1.170590217014155663e-06 8.542699105676083127e+05
1.777664705547144637e+07 1.173318026759673794e-06 8.522838456353369402e+05
1.794957020566646382e+07 1.175982224769777342e-06 8.503529891327826772e+05
1.812417547374239564e+07 1.178582353548505365e-06 8.484769833768296521e+05
1.830047922257798910e+07 1.181117971005273921e-06 8.466554777325751493e+05
1.847849797422290593e+07 1.183588650677416187e-06 8.448881285129416501e+05
1.865824841144566238e+07 1.185993981946232823e-06 8.431745988786434755e+05
1.883974737929719314e+07 1.188333570246392706e-06 8.415145587384667015e+05
1.902301188668945804e+07 1.190607037268550622e-06 8.399076846498113591e+05
1.920805910798933357e+07 1.192814021155015049e-06 8.383536597194664646e+05
1.939490638462830707e+07 1.194954176688327558e-06 8.368521735045776004e+05
1.958357122672715038e+07 1.197027175472600910e-06 8.354029219137717737e+05
1.977407131473746523e+07 1.199032706107493066e-06 8.340056071083938004e+05
1.996642450109793246e+07 1.200970474354695535e-06 8.326599374038060196e+05
2.016064881190793589e+07 1.202840203296760731e-06 8.313656271707467968e+05
2.035676244861640036e+07 1.204641633488221969e-06 8.301223967366534052e+05
2.055478378972772509e+07 1.206374523098827375e-06 8.289299722869554535e+05
2.075473139252405614e+07 1.208038648048821631e-06 8.277880857662644703e+05
2.095662399480430782e+07 1.209633802136138775e-06 8.266964747794427676e+05
2.116048051664036512e+07 1.211159797155440186e-06 8.256548824924875516e+05
2.136632006214968115e+07 1.212616463008877695e-06 8.246630575332036242e+05
2.157416192128623649e+07 1.214003647808524645e-06 8.237207538916078629e+05
2.178402557164756581e+07 1.215321217970379394e-06 8.228277308200281113e+05
2.199593068030074611e+07 1.216569058299867363e-06 8.219837527328546857e+05
2.220989710562497377e+07 1.217747072068780639e-06 8.211885891058978159e+05
2.242594489917278290e+07 1.218855181083606849e-06 8.204420143752954900e+05
2.264409430754909664e+07 1.219893325745174474e-06 8.197438078359415522e+05
2.286436577430858836e+07 1.220861465099589801e-06 8.190937535393720027e+05
2.308677994187172130e+07 1.221759576880399693e-06 8.184916401910814457e+05
2.331135765345872566e+07 1.222587657541981617e-06 8.179372610471996013e+05
2.353811995504354313e+07 1.223345722284101890e-06 8.174304138105013408e+05
2.376708809732560813e+07 1.224033805067669007e-06 8.169709005256732926e+05
2.399828353772154823e+07 1.224651958621603287e-06 8.165585274738315493e+05
2.423172794237600639e+07 1.225200254440891033e-06 8.161931050661924528e+05
2.446744318819203228e+07 1.225678782775778712e-06 8.158744477368802764e+05
2.470545136488126218e+07 1.226087652612127942e-06 8.156023738348088227e+05
2.494577477703395858e+07 1.226426991642958141e-06 8.153767055145860650e+05
2.518843594620952010e+07 1.226696946231216468e-06 8.151972686263726791e+05
2.543345761304648221e+07 1.226897681363717867e-06 8.150638926047058776e+05
2.568086273939435184e+07 1.227029380596446426e-06 8.149764103561319644e+05
2.593067451046487316e+07 1.227092245991111560e-06 8.149346581456954591e+05
2.618291633700505272e+07 1.227086498043104673e-06 8.149384754821679089e+05
2.643761185749101266e+07 1.227012375600878992e-06 8.149877050019898452e+05
2.669478494034318253e+07 1.226870135776830897e-06 8.150821923518572003e+05
2.695445968616336212e+07 1.226660053849742481e-06 8.152217860699107405e+05
2.721666042999269068e+07 1.226382423158900948e-06 8.154063374654474901e+05
2.748141174359295890e+07 1.226037554989905019e-06 8.156357004971465794e+05
2.774873843774846941e+07 1.225625778452343845e-06 8.159097316496947315e+05
2.801866556459195167e+07 1.225147440349395439e-06 8.162282898087870562e+05
2.829121841995168850e+07 1.224602905039440127e-06 8.165912361344542587e+05
2.856642254572233930e+07 1.223992554289842966e-06 8.169984339326289482e+05
2.884430373225852102e+07 1.223316787122993224e-06 8.174497485249168240e+05
2.912488802079165354e+07 1.222576019654733907e-06 8.179450471165046329e+05
2.940820170587066561e+07 1.221770684925314310e-06 8.184841986621483229e+05
2.969427133782549948e+07 1.220901232722998369e-06 8.190670737301834160e+05
2.998312372525613010e+07 1.219968129400479163e-06 8.196935443644936895e+05
3.027478593754393607e+07 1.218971857684246743e-06 8.203634839443786768e+05
3.056928530738937110e+07 1.217912916477034630e-06 8.210767670422815718e+05
3.086664943337274343e+07 1.216791820653572438e-06 8.218332692792695016e+05
3.116690618254088238e+07 1.215609100849716171e-06 8.226328671782693127e+05
3.147008369301859289e+07 1.214365303245209258e-06 8.234754380149447825e+05
3.177621037664550915e+07 1.213060989340206256e-06 8.243608596661805641e+05
3.208531492163900658e+07 1.211696735725747880e-06 8.252890104561090702e+05
3.239742629528195411e+07 1.210273133848362928e-06 8.262597689996245317e+05
3.271257374663825333e+07 1.208790789768983854e-06 8.272730140433262568e+05
3.303078680929315090e+07 1.207250323916419525e-06 8.283286243037960958e+05
3.335209530412127078e+07 1.205652370835491456e-06 8.294264783032120904e+05
3.367652934208115935e+07 1.203997578930100340e-06 8.305664542021942325e+05
3.400411932703702897e+07 1.202286610201422992e-06 8.317484296298256377e+05
3.433489595860834420e+07 1.200520139981403376e-06 8.329722815108211944e+05
3.466889023504605889e+07 1.198698856661807316e-06 8.342378858897445025e+05
3.500613345613857359e+07 1.196823461418997977e-06 8.355451177522565704e+05
3.534665722614387423e+07 1.194894667934713791e-06 8.368938508432925446e+05
3.569049345675229281e+07 1.192913202112989617e-06 8.382839574821661226e+05
3.603767437007633597e+07 1.190879801793512747e-06 8.397153083744974574e+05
3.638823250167062134e+07 1.188795216461608566e-06 8.411877724209318403e+05
3.674220070358090848e+07 1.186660206955063813e-06 8.427012165226062061e+05
3.709961214742263407e+07 1.184475545168069934e-06 8.442555053832757985e+05
3.746050032748996466e+07 1.182242013752459098e-06 8.458505013080871431e+05
3.782489906389382482e+07 1.179960405816494841e-06 8.474860639989288757e+05
3.819284250573240966e+07 1.177631524621444741e-06 8.491620503463124624e+05
3.856436513429023325e+07 1.175256183276175914e-06 8.508783142177333357e+05
3.893950176627063006e+07 1.172835204429982755e-06 8.526347062424822943e+05
3.931828755705770105e+07 1.170369419963936809e-06 8.544310735928263748e+05
3.970075800401124358e+07 1.167859670680907020e-06 8.562672597615786362e+05
4.008694894979323447e+07 1.165306805994601864e-06 8.581431043359342730e+05
4.047689658572672307e+07 1.162711683617753864e-06 8.600584427676174091e+05
4.087063745518784225e+07 1.160075169249758617e-06 8.620131061392495176e+05
4.126820845702952147e+07 1.157398136263985801e-06 8.640069209269181592e+05
4.166964684904061258e+07 1.154681465394991932e-06 8.660397087589184521e+05
4.207499025143618882e+07 1.151926044425868011e-06 8.681112861706416588e+05
4.248427665038425475e+07 1.149132767875959439e-06 8.702214643555814400e+05
4.289754440156466514e+07 1.146302536689200456e-06 8.723700489124297164e+05
4.331483223376403004e+07 1.143436257923290955e-06 8.745568395882425830e+05
4.373617925250496715e+07 1.140534844439919801e-06 8.767816300176852383e+05
4.416162494371080399e+07 1.137599214596313977e-06 8.790442074582987698e+05
4.459120917740633339e+07 1.134630291938309204e-06 8.813443525218088180e+05
4.502497221145322919e+07 1.131629004895138982e-06 8.836818389014902059e+05
4.546295469532399625e+07 1.128596286476262441e-06 8.860564330955140758e+05
4.590519767391037196e+07 1.125533073970317611e-06 8.884678941263807938e+05
4.635174259137027711e+07 1.122440308646556068e-06 8.909159732563460711e+05
4.680263129501155764e+07 1.119318935458857436e-06 8.934004136989396065e+05
4.725790603921357542e+07 1.116169902752626768e-06 8.959209503265265375e+05
4.771760948938750476e+07 1.112994161974733191e-06 8.984773093739746837e+05
4.818178472597358376e+07 1.109792667386719801e-06 9.010692081384410849e+05
4.865047524847977608e+07 1.106566375781481512e-06 9.036963546753154369e+05
4.912372497955673933e+07 1.103316246203642970e-06 9.063584474903368391e+05
4.960157826911540329e+07 1.100043239673773303e-06 9.090551752279828070e+05
5.008407989848212153e+07 1.096748318916706023e-06 9.117862163561212365e+05
5.057127508459573239e+07 1.093432448094105735e-06 9.145512388470252044e+05
5.106320948424492776e+07 1.090096592541501254e-06 9.173498998547955416e+05
5.155992919834680855e+07 1.086741718509951779e-06 9.201818453892754624e+05
5.206148077626767755e+07 1.083368792912550474e-06 9.230467099865225609e+05
5.256791122018419206e+07 1.079978783075913679e-06 9.259441163759494666e+05
5.307926798948970437e+07 1.076572656496863291e-06 9.288736751442039385e+05
5.359559900524011254e+07 1.073151380604464285e-06 9.318349843959003920e+05
5.411695265464637429e+07 1.069715922527573680e-06 9.348276294113247423e+05
5.464337779560780525e+07 1.066267248868064194e-06 9.378511823012357345e+05
5.517492376129128784e+07 1.062806325479941556e-06 9.409052016588444822e+05
5.571164036475436389e+07 1.059334117254392319e-06 9.439892322092147078e+05
5.625357790361324698e+07 1.055851587911053346e-06 9.471028044561141869e+05
5.680078716475700587e+07 1.052359699795553780e-06 9.502454343265654752e+05
5.735331942910566181e+07 1.048859413683526655e-06 9.534166228132181568e+05
5.791122647641758621e+07 1.045351688591194542e-06 9.566158556147603085e+05
5.847456059014062583e+07 1.041837481592724472e-06 9.598426027745087631e+05
5.904337456231242418e+07 1.038317747644416925e-06 9.630963183174451115e+05
5.961772169850755483e+07 1.034793439415902334e-06 9.663764398858754430e+05
6.019765582283303887e+07 1.031265507128500724e-06 9.696823883739138255e+05
6.078323128297236562e+07 1.027734898400779447e-06 9.730135675611125771e+05
6.137450295527846366e+07 1.024202558101531339e-06 9.763693637453968404e+05
6.197152624991704524e+07 1.020669428210220326e-06 9.797491453756336123e+05
6.257435711605783552e+07 1.017136447685043974e-06 9.831522626840815647e+05
6.318305204711957276e+07 1.013604552338710813e-06 9.865780473190252669e+05
6.379766808606282622e+07 1.010074674722046783e-06 9.900258119778925320e+05
6.441826283073628694e+07 1.006547744015517212e-06 9.934948500411956338e+05
6.504489443927437067e+07 1.003024685928827576e-06 9.969844352075675270e+05
6.567762163554729521e+07 9.995064226085979626e-07 1.000493821130347438e+06
6.631650371466494352e+07 9.959938725543259723e-07 1.004022241055961465e+06
6.696160054853215069e+07 9.924879505426342309e-07 1.007568907464577933e+06
6.761297259146156907e+07 9.889895675599704454e-07 1.011133011713353568e+06
6.827068088583682477e+07 9.854996307437934596e-07 1.014713723682740005e+06
6.893478706783510745e+07 9.820190433323687645e-07 1.018310191426242585e+06
6.960535337320181727e+07 9.785487046232746835e-07 1.021921540824055090e+06
7.028244264308352768e+07 9.750895099406219855e-07 1.025546875241120113e+06
7.096611832991698384e+07 9.716423506111957196e-07 1.029185275189956883e+06
7.165644450337524712e+07 9.682081139495010603e-07 1.032835797998855822e+06
7.235348585637265444e+07 9.647876832518260299e-07 1.036497477485917509e+06
7.305730771112585068e+07 9.613819377994451891e-07 1.040169323639416019e+06
7.376797602527745068e+07 9.579917528709537070e-07 1.043850322305128560e+06
7.448555739807493985e+07 9.546179997639329818e-07 1.047539434881061898e+06
7.521011907661405206e+07 9.512615458258895777e-07 1.051235598020306323e+06
7.594172896213914454e+07 9.479232544946861197e-07 1.054937723342460580e+06
7.668045561640717089e+07 9.446039853484505918e-07 1.058644697154347319e+06
7.742636826811277866e+07 9.413045941650722493e-07 1.062355380180620588e+06
7.817953681937569380e+07 9.380259329913965870e-07 1.066068607304881327e+06
7.894003185229241848e+07 9.347688502221666928e-07 1.069783187322010053e+06
7.970792463554885983e+07 9.315341906888040524e-07 1.073497902702390682e+06
8.048328713110151887e+07 9.283227957581596743e-07 1.077211509368679952e+06
8.126619200091946125e+07 9.251355034412476032e-07 1.080922736485927831e+06
8.205671261379453540e+07 9.219731485121352054e-07 1.084630286265693605e+06
8.285492305221690238e+07 9.188365626370492016e-07 1.088332833784947405e+06
8.366089811931756139e+07 9.157265745137867018e-07 1.092029026820542989e+06
8.447471334587836266e+07 9.126440100215591452e-07 1.095717485700012650e+06
8.529644499741016328e+07 9.095896923813784128e-07 1.099396803169482155e+06
8.612617008130076528e+07 9.065644423270686495e-07 1.103065544279555790e+06
8.696396635402962565e+07 9.035690782870648403e-07 1.106722246289949864e+06
8.780991232845717669e+07 9.006044165770998880e-07 1.110365418593737297e+06
8.866408728118062019e+07 8.976712716038731564e-07 1.113993542662110180e+06
8.952657125996400416e+07 8.947704560799254706e-07 1.117605072010418400e+06
9.039744509123975039e+07 8.919027812497803967e-07 1.121198432186463382e+06
9.127679038768288493e+07 8.890690571275382540e-07 1.124772020781900501e+06
9.216468955586022139e+07 8.862700927460773375e-07 1.128324207467651926e+06
9.306122580395093560e+07 8.835066964180138635e-07 1.131853334054266801e+06
9.396648314954710007e+07 8.807796760086466899e-07 1.135357714578081388e+06
9.488054642752423882e+07 8.780898392209794560e-07 1.138835635414226446e+06
9.580350129799436033e+07 8.754379938931134271e-07 1.142285355417296290e+06
9.673543425433138013e+07 8.728249483081511210e-07 1.145705106090700021e+06
9.767643263127766550e+07 8.702515115168574158e-07 1.149093091785602970e+06
9.862658461312830448e+07 8.677184936732751791e-07 1.152447489930453477e+06
9.958597924199496210e+07 8.652267063835858464e-07 1.155766451291974401e+06
1.005547064261513650e+08 8.627769630684391986e-07 1.159048100268615643e+06
1.015328569484566003e+08 8.603700793390015804e-07 1.162290535217440687e+06
1.025205224748654962e+08 8.580068733870428418e-07 1.165491828815344255e+06
1.035177955630176216e+08 8.556881663893441724e-07 1.168650028455568012e+06
1.045247696709104180e+08 8.534147829267491228e-07 1.171763156680440065e+06
1.055415391656582803e+08 8.511875514181587231e-07 1.174829211651304970e+06
1.065681993323368579e+08 8.490073045698860610e-07 1.177846167656481965e+06
1.076048463829117864e+08 8.468748798406469831e-07 1.180811975658276584e+06
1.086515774652541727e+08 8.447911199226843373e-07 1.183724563879791182e+06
1.097084906722454131e+08 8.427568732393233853e-07 1.186581838432569057e+06
1.107756850509708673e+08 8.407729944595059892e-07 1.189381683985763229e+06
1.118532606120004803e+08 8.388403450296458819e-07 1.192121964477827540e+06
1.129413183387620896e+08 8.369597937233463791e-07 1.194800523871456040e+06
1.140399601970035434e+08 8.351322172095321645e-07 1.197415186952490592e+06
1.151492891443491429e+08 8.333585006393883830e-07 1.199963760173751274e+06
1.162694091399491727e+08 8.316395382528012903e-07 1.202444032544326503e+06
1.174004251542213112e+08 8.299762340048113277e-07 1.204853776565128937e+06
1.185424431786863953e+08 8.283695022127597396e-07 1.207190749211284332e+06
1.196955702359045297e+08 8.268202682246641677e-07 1.209452692962141242e+06
1.208599143895007521e+08 8.253294691096859215e-07 1.211637336879219627e+06
1.220355847542954534e+08 8.238980543712431001e-07 1.213742397732871119e+06
1.232226915065284371e+08 8.225269866835884303e-07 1.215765581178046297e+06
1.244213458941829801e+08 8.212172426527030935e-07 1.217704582979518687e+06
1.256316602474121451e+08 8.199698136022419736e-07 1.219557090287092607e+06
1.268537479890667945e+08 8.187857063854981701e-07 1.221320782960985089e+06
1.280877236453237534e+08 8.176659442242442896e-07 1.222993334947738331e+06
1.293337028564169407e+08 8.166115675754714030e-07 1.224572415706785629e+06
1.305918023874780536e+08 8.156236350270165901e-07 1.226055691687840968e+06
1.318621401394748539e+08 8.147032242231606286e-07 1.227440827859156067e+06
1.331448351602637619e+08 8.138514328213085087e-07 1.228725489286645781e+06
1.344400076557447016e+08 8.130693794809936790e-07 1.229907342763700755e+06
1.357477790011249483e+08 8.123582048863345874e-07 1.230984058491684962e+06
1.370682717522946298e+08 8.117190728033722507e-07 1.231953311810669024e+06
1.384016096573130190e+08 8.111531711735860841e-07 1.232812784980163444e+06
1.397479176680037975e+08 8.106617132450255099e-07 1.233560169009420555e+06
1.411073219516658187e+08 8.102459387426333587e-07 1.234193165536668152e+06
1.424799499028949440e+08 8.099071150792550145e-07 1.234709488756797742e+06
1.438659301555238366e+08 8.096465386090844406e-07 1.235106867396641057e+06
1.452653925946778357e+08 8.094655359252520569e-07 1.235383046737078577e+06
1.466784683689457774e+08 8.093654652034024828e-07 1.235535790681023151e+06
1.481052899026692808e+08 8.093477175932014273e-07 1.235562883866221411e+06
1.495459909083537757e+08 8.094137186597848069e-07 1.235462133821730968e+06
1.510007063992004693e+08 8.095649298773317300e-07 1.235231373166725039e+06
1.524695727017569840e+08 8.098028501768931171e-07 1.234868461850387743e+06
1.539527274686944485e+08 8.101290175509574476e-07 1.234371289431191981e+06
1.554503096917053461e+08 8.105450107171270175e-07 1.233737777394068893e+06
1.569624597145302296e+08 8.110524508435617467e-07 1.232965881503615761e+06
1.584893192461110950e+08 8.116530033388497929e-07 1.232053594191554934e+06
