1.000000000000000000e+04 1.436150652907475624e-22 6.963057796029322625e+21
1.009727545900835685e+04 1.825130494438115453e-22 5.479060281154635563e+21
1.019549716950924449e+04 2.316066810248961389e-22 4.317664739094926721e+21
1.029467433620748670e+04 2.934773641077178570e-22 3.407417819225609208e+21
1.039481625334710043e+04 3.713364797332451630e-22 2.692975386416018620e+21
1.049593230558226605e+04 4.691732104274526659e-22 2.131408993043152634e+21
1.059803196885688340e+04 5.919356198060089656e-22 1.689372909046634381e+21
1.070112481129246225e+04 7.457521347018350958e-22 1.340928109310498570e+21
1.080522049408488238e+04 9.382020387040364944e-22 1.065868500329978659e+21
1.091032877240974449e+04 1.178645330243124372e-21 8.484316480460881920e+20
1.101645949633656892e+04 1.478624376830745283e-21 6.763042836770894643e+20
1.112362261175188178e+04 1.852352269912593739e-21 5.398541175146920673e+20
1.123182816129124876e+04 2.317305722238445976e-21 4.315356365814480896e+20
1.134108628528053305e+04 2.894943833534853916e-21 3.454298451030588785e+20
1.145140722268591526e+04 3.611578175803324067e-21 2.768872640497584701e+20
1.156280131207375416e+04 4.499424527369196937e-21 2.222506442584331387e+20
1.167527899257919489e+04 5.597872343130228869e-21 1.786393005598298604e+20
1.178885080488457243e+04 6.955014835794369843e-21 1.437811454913718518e+20
1.190352739220719195e+04 8.629490530856258341e-21 1.158816961933412434e+20
1.201931950129674260e+04 1.069269654466352310e-20 9.352177870408908800e+19
1.213623798344241732e+04 1.323144484825951843e-20 7.557753604902350029e+19
1.225429379548979523e+04 1.635114568205155069e-20 6.115779404361172582e+19
1.237349800086777395e+04 2.017961737892033940e-20 4.955495345737335603e+19
1.249386177062508978e+04 2.487163948129736418e-20 4.020643676312397414e+19
1.261539638447754260e+04 3.061438659600827473e-20 3.266438139676420096e+19
1.273811323186478512e+04 3.763390437049875037e-20 2.657178458432553370e+19
1.286202381301779315e+04 4.620281681007920369e-20 2.164370203034566246e+19
1.298713974003656585e+04 5.664948647400400175e-20 1.765241067911342694e+19
1.311347273797833986e+04 6.936888655460161585e-20 1.441568474957256704e+19
1.324103464595638252e+04 8.483548721428758014e-20 1.178751997349977907e+19
1.336983741824945173e+04 1.036185086865438128e-19 9.650785488769177600e+18
1.349989312542218613e+04 1.263999515076081555e-19 7.911395440209554432e+18
1.363121395545610721e+04 1.539958809298030506e-19 6.493680181327944704e+18
1.376381221489191921e+04 1.873815193083785564e-19 5.336705581697597440e+18
1.389770032998276474e+04 2.277207884399020971e-19 4.391342603593305600e+18
1.403289084785873092e+04 2.764010450213696323e-19 3.617931328453139968e+18
1.416939643770269504e+04 3.350738683455543457e-19 2.984416555482392576e+18
1.430722989193755711e+04 4.057028920095130921e-19 2.464857953185484288e+18
1.444640412742521949e+04 4.906198229811476167e-19 2.038238067764387328e+18
1.458693218667674046e+04 5.925899642898704454e-19 1.687507484535869440e+18
1.472882723907501713e+04 7.148887546076281648e-19 1.398819038003832064e+18
1.487210258210860047e+04 8.613910620994796868e-19 1.160912904717965056e+18
1.501677164261799953e+04 1.036675224516745157e-18 9.646222619684563200e+17
1.516284797805393464e+04 1.246144116317986089e-18 8.024754014445180160e+17
1.531034527774784874e+04 1.496165850766467899e-18 6.683750999180417280e+17
1.545927736419478606e+04 1.794237095041312145e-18 5.573399428446078080e+17
1.560965819434870900e+04 2.149172394451817228e-18 4.652953865318314240e+17
1.576150186093062621e+04 2.571323373419034821e-18 3.889047991152979200e+17
1.591482259374890418e+04 3.072832212086775574e-18 3.254326728503328000e+17
1.606963476103325411e+04 3.667924394956257852e-18 2.726337547674358720e+17
1.622595287078087131e+04 4.373246399143557404e-18 2.286630820060440320e+17
1.638379157211618985e+04 5.208254742778856244e-18 1.920028972059172800e+17
1.654316565666367751e+04 6.195663657470838679e-18 1.614032096132563200e+17
1.670409005993400206e+04 7.361959592222020178e-18 1.358333997182637920e+17
1.686657986272370545e+04 8.737991810103047186e-18 1.144427714894146880e+17
1.703065029252842578e+04 1.035964951469694209e-17 9.652836214017937600e+16
1.719631672497011459e+04 1.226863725305557285e-17 8.150864512282686400e+16
1.736359468523753458e+04 1.451336179896824480e-17 6.890202379376293600e+16
1.753249984954169122e+04 1.714994533904195495e-17 5.830922374565788800e+16
1.770304804658450303e+04 2.024338157992886011e-17 4.939886135385065600e+16
1.787525525904235474e+04 2.386885338465489212e-17 4.189560277088520000e+16
1.804913762506384592e+04 2.811323274728462808e-17 3.557043791403132000e+16
1.822471143978215696e+04 3.307678634733773090e-17 3.023268311192775600e+16
1.840199315684212343e+04 3.887511260893369894e-17 2.572339815602733200e+16
1.858099938994213153e+04 4.564133914662132263e-17 2.190996186127520000e+16
1.876174691439119488e+04 5.352861273355683528e-17 1.868159754069443200e+16
1.894425266868079780e+04 6.271291750316131541e-17 1.594567817626393600e+16
1.912853375607242197e+04 7.339626101894210067e-17 1.362467223966518000e+16
1.931460744620030164e+04 8.581027214698465448e-17 1.165361646082531000e+16
1.950249117668984036e+04 1.002202593712390264e-16 9.978022470444510000e+15
1.969220255479173647e+04 1.169297833345849336e-16 8.552141049800652000e+15
1.988375935903198479e+04 1.362858030015966971e-16 7.337521429053649000e+15
2.007717954087818362e+04 1.586844609566584065e-16 6.301814266950377000e+15
2.027248122642135422e+04 1.845775800099805454e-16 5.417776091472906000e+15
2.046968271807520068e+04 2.144799505219342828e-16 4.662440463859267000e+15
2.066880249629082027e+04 2.489774957128282846e-16 4.016427256354945000e+15
2.086985922128879974e+04 2.887364107418282189e-16 3.463366457423146500e+15
2.107287173480786441e+04 3.345133805581572705e-16 2.989417040153775500e+15
2.127785906187063301e+04 3.871669914942129336e-16 2.582864815362100000e+15
2.148484041256649289e+04 4.476704623296723587e-16 2.233785974611794750e+15
2.169383518385182106e+04 5.171258321549657933e-16 1.933765319424871750e+15
2.190486296136795136e+04 5.967797548503575739e-16 1.675660060302732250e+15
2.211794352127612729e+04 6.880410634222067381e-16 1.453401625516592250e+15
2.233309683211143420e+04 7.925002818519883436e-16 1.261829204228302750e+15
2.255034305665360807e+04 9.119512775664847283e-16 1.096549809841235000e+15
2.276970255381679817e+04 1.048415264182463852e-15 9.538205271932805000e+14
2.299119588055742861e+04 1.204167381866700966e-15 8.304493337544148750e+14
2.321484379380065729e+04 1.381766101536690473e-15 7.237114869787871250e+14
2.344066725238558502e+04 1.584085719259088083e-15 6.312789692136875000e+14
2.366868741902933471e+04 1.814352228636206993e-15 5.511608960029053750e+14
2.389892566231052842e+04 2.076182881754709873e-15 4.816531379715637500e+14
2.413140355867126345e+04 2.373629773457375713e-15 4.212956928592206875e+14
2.436614289443983216e+04 2.711227809336592906e-15 3.688365826568770625e+14
2.460316566787181728e+04 3.094047444984410060e-15 3.232012494252616875e+14
2.484249409121190547e+04 3.527752612714604981e-15 2.834665890107583750e+14
2.508415059277541150e+04 4.018664282240167485e-15 2.488389001338920625e+14
2.532815781905005861e+04 4.573830133683753620e-15 2.186351418334379375e+14
2.557453863681853181e+04 5.201100854857381730e-15 1.922669888368124688e+14
2.582331613530082905e+04 5.909213610003731876e-15 1.692272552657591875e+14
2.607451362831876031e+04 6.707883264171477391e-15 1.490783248034825000e+14
2.632815465648020108e+04 7.607901986128404059e-15 1.314422822248911875e+14
2.658426298938541368e+04 8.621247893213454680e-15 1.159924888353098281e+14
2.684286262785454892e+04 9.761203443810973134e-15 1.024463843783568906e+14
2.710397780617683384e+04 1.104248432719399842e-14 9.055933161139560938e+13
2.736763299438165268e+04 1.248137964634244814e-14 8.011934804763675000e+13
2.763385290053167046e+04 1.409590423697314876e-14 7.094259319505228125e+13
2.790266247303859200e+04 1.590596401542006240e-14 6.286949970655965625e+13
2.817408690300054514e+04 1.793353529914001222e-14 5.576145379700756250e+13
2.844815162656362008e+04 2.020285909647021787e-14 4.949794458422555469e+13
2.872488232730495292e+04 2.274065141677293628e-14 4.397411409518484375e+13
2.900430493863991796e+04 2.557633070822940750e-14 3.909864989657180469e+13
2.928644564625237399e+04 2.874226358822525575e-14 3.479197095700098047e+13
2.957133089054862285e+04 3.227403009041985972e-14 3.098466467306285938e+13
2.985898736913524044e+04 3.621070971314403779e-14 2.761613920085671094e+13
3.014944203932091477e+04 4.059518961561180989e-14 2.463346050280368750e+13
3.044272212064305859e+04 4.547449637146725360e-14 2.199034799267057031e+13
3.073885509741793794e+04 5.090015275329265698e-14 1.964630646290764453e+13
3.103786872131721248e+04 5.692856108673731750e-14 1.756587521115074609e+13
3.133979101396794067e+04 6.362141477875690556e-14 1.571797803424356641e+13
3.164465026957891314e+04 7.104613969091833827e-14 1.407536010190610742e+13
3.195247505759213527e+04 7.927636709563788175e-14 1.261409972020557227e+13
3.226329422536017228e+04 8.839244002042347498e-14 1.131318469960717773e+13
3.257713690084953487e+04 9.848195485247717501e-14 1.015414449782163867e+13
3.289403249537028751e+04 1.096403401431303821e-13 9.120730551314837891e+12
3.321401070633265772e+04 1.219714746184171027e-13 8.198638272829447266e+12
3.353710152002928953e+04 1.355883464682544676e-13 7.375265102404148438e+12
3.386333521444636426e+04 1.506137560521084221e-13 6.639499778851714844e+12
3.419274236210027448e+04 1.671810642232373982e-13 5.981538666751737305e+12
3.452535383290305617e+04 1.854349885365824649e-13 5.392725547059964844e+12
3.486120079705521493e+04 2.055324496665585265e-13 4.865411771339903320e+12
3.520031472796675371e+04 2.276434704204193640e-13 4.392834102173751953e+12
3.554272740520698426e+04 2.519521297898337824e-13 3.969007925569636230e+12
3.588847091748195817e+04 2.786575745379772790e-13 3.588633833686488770e+12
3.623757766564257327e+04 3.079750908710437824e-13 3.247015845248091309e+12
3.659008036572021228e+04 3.401372387916299788e-13 2.939989762816313477e+12
3.694601205199302058e+04 3.753950517763834072e-13 2.663860365947719727e+12
3.730540608008161507e+04 4.140193044615231215e-13 2.415346311690968262e+12
3.766829613007493026e+04 4.563018510567438738e-13 2.191531762766493896e+12
3.803471620968650677e+04 5.025570372405547177e-13 1.989823892409924805e+12
3.840470065744141175e+04 5.531231883175875512e-13 1.807915526090416748e+12
3.877828414589461318e+04 6.083641764410116669e-13 1.643752276555952393e+12
3.915550168487937481e+04 6.686710697198674792e-13 1.495503611991078369e+12
3.953638862478928786e+04 7.344638660424602358e-13 1.361537369276365234e+12
3.992098065989020688e+04 8.061933144515392036e-13 1.240397286946381104e+12
4.030931383166566957e+04 8.843428269056542535e-13 1.130783186763705811e+12
4.070142453219438903e+04 9.694304832524668525e-13 1.031533479992264648e+12
4.109734950756071339e+04 1.062011132224435404e-12 9.416097154325020752e+11
4.149712586129819829e+04 1.162678591244385960e-12 8.600829219102802734e+11
4.190079105786664877e+04 1.272067947797902916e-12 7.861215289097692871e+11
4.230838292616346007e+04 1.390857965091086146e-12 7.189806760279155273e+11
4.271993966306776565e+04 1.519773594665744626e-12 6.579927454391241455e+11
4.313549983702119061e+04 1.659588598589044747e-12 6.025589720549923096e+11
4.355510239164131053e+04 1.811128283771152395e-12 5.521420039434138184e+11
4.397878664937159920e+04 1.975272350892322365e-12 5.062593011785202026e+11
4.440659231516642467e+04 2.152957860339692344e-12 4.644772749254927979e+11
4.483855948021181393e+04 2.345182317463913715e-12 4.264060804796629639e+11
4.527472862568302662e+04 2.553006879366627138e-12 3.916949884005361328e+11
4.571514062653714063e+04 2.777559685321179561e-12 3.600282670017102661e+11
4.615983675534503709e+04 3.020039312811738575e-12 3.311215174444113159e+11
4.660885868615764775e+04 3.281718361048544947e-12 3.047184096811065063e+11
4.706224849841281684e+04 3.563947163681526080e-12 2.805877736321457520e+11
4.752004868087766226e+04 3.868157632288688832e-12 2.585210053625260010e+11
4.798230213563085272e+04 4.195867232061765680e-12 2.383297527525960083e+11
4.844905218208296719e+04 4.548683090948239836e-12 2.198438493088194580e+11
4.892034256103607186e+04 4.928306243336281338e-12 2.029094684105988159e+11
4.939621743878325651e+04 5.336536009189067748e-12 1.873874734993043823e+11
4.987672141124658083e+04 5.775274509345339603e-12 1.731519425408846436e+11
5.036189950815767952e+04 6.246531317505825640e-12 1.600888475812988586e+11
5.085179719727656629e+04 6.752428249220115232e-12 1.480948724061595154e+11
5.134646038865306036e+04 7.295204287975775372e-12 1.370763532487002411e+11
5.184593543892913294e+04 7.877220648271490802e-12 1.269483291952005005e+11
5.235026915568308323e+04 8.500965975330157322e-12 1.176336904420044403e+11
5.285950880181609682e+04 9.169061680873962472e-12 1.090624138875553436e+11
5.337370209998128121e+04 9.884267414144880928e-12 1.011708767175754547e+11
5.389289723705649521e+04 1.064948666711082165e-11 9.390123968025000000e+10
5.441714286865887698e+04 1.146777251254695053e-11 8.720089266733316040e+10
5.494648812370609085e+04 1.234233347343005640e-11 8.102195603066055298e+10
5.548098260901917092e+04 1.327653952182619364e-11 7.532083178421855164e+10
5.602067641397187253e+04 1.427392820519033753e-11 7.005779948062065125e+10
5.656562011518465442e+04 1.533821089773691790e-11 6.519665211720001984e+10
5.711586478126434668e+04 1.647327917427368311e-11 6.070436792947087860e+10
5.767146197759002825e+04 1.768321130362683769e-11 5.655081437583112335e+10
5.823246377114521601e+04 1.897227885851815626e-11 5.270848101365645599e+10
5.879892273539790767e+04 2.034495343849053710e-11 4.915223831911573792e+10
5.937089195522606315e+04 2.180591350221445290e-11 4.585911981621165466e+10
5.994842503189409035e+04 2.336005130524135680e-11 4.280812515919548798e+10
6.053157608807464567e+04 2.501247993901519135e-11 3.998004206053039551e+10
6.112039977292132971e+04 2.676854046668958460e-11 3.735728517751599884e+10
6.171495126718984829e+04 2.863380915105208555e-11 3.492375026754891968e+10
6.231528628840915189e+04 3.061410476960275001e-11 3.266468209754467773e+10
6.292146109610350686e+04 3.271549601159468335e-11 3.056655474963883972e+10
6.353353249706337374e+04 3.494430895160699096e-11 2.861696310506128311e+10
6.415155785067079705e+04 3.730713459399146203e-11 2.680452441290026093e+10
6.477559507427331846e+04 3.981083648231312481e-11 2.511878896200216675e+10
6.540570264861226315e+04 4.246255836768716342e-11 2.355015897395792389e+10
6.604193962330305658e+04 4.526973192972271855e-11 2.208981492429449844e+10
6.668436562236896134e+04 4.824008454357284377e-11 2.072964857880276489e+10
6.733304084982867062e+04 5.138164708642399394e-11 1.946220210336968613e+10
6.798802609533807845e+04 5.470276177657211296e-11 1.828061266969296265e+10
6.864938273988784931e+04 5.821209003808748264e-11 1.717856203660978127e+10
6.931717276155400032e+04 6.191862038390089029e-11 1.615023063821370888e+10
6.999145874130817538e+04 6.583167631003690165e-11 1.519025575606582069e+10
7.067230386888071371e+04 6.996092419357433856e-11 1.429369339423115349e+10
7.135977194868306105e+04 7.431638118682504194e-11 1.345598351305730820e+10
7.205392740578704979e+04 7.890842310011172078e-11 1.267291831103116035e+10
7.275483529196232848e+04 8.374779226547618598e-11 1.194061327407953072e+10
7.346256129177263938e+04 8.884560537355465947e-11 1.125548073869791031e+10
7.417717172873116215e+04 9.421336127583615628e-11 1.061420573958950806e+10
7.489873357151672826e+04 9.986294874447514031e-11 1.001372393437685585e+10
7.562731444024796656e+04 1.058066541818334030e-10 9.451201417648609161e+09
7.636298261282242311e+04 1.120571692719037277e-10 8.924016254359653473e+09
7.710580703131336486e+04 1.186275985658108012e-10 8.429741578602654457e+09
7.785585730843145575e+04 1.255314669936099833e-10 7.966130118202981949e+09
7.861320373404814745e+04 1.327827272946646722e-10 7.531100018610485077e+09
7.937791728178285121e+04 1.403957673589481189e-10 7.122721851317015648e+09
8.015006961565413803e+04 1.483854174717031063e-10 6.739206702644473076e+09
8.092973309679541853e+04 1.567669574540041924e-10 6.378895248339576721e+09
8.171698079023705213e+04 1.655561236918854645e-10 6.040247728082159042e+09
8.251188647175162623e+04 1.747691160468268380e-10 5.721834741854874611e+09
8.331452463477014680e+04 1.844226046405704747e-10 5.422328797215206146e+09
8.412497049736118061e+04 1.945337365073703936e-10 5.140496542933120728e+09
8.494330000928071968e+04 2.051201421070107819e-10 4.875191630270526886e+09
8.576958985908946488e+04 2.161999416920956066e-10 4.625348148447537422e+09
8.660391748133943474e+04 2.277917515233445384e-10 4.389974585614080429e+09
8.744636106383152946e+04 2.399146899268753806e-10 4.168148270974129677e+09
8.829699955494083406e+04 2.525883831876564756e-10 3.959010257637486458e+09
8.915591267101759149e+04 2.658329712736383685e-10 3.761760609336296558e+09
9.002318090385581309e+04 2.796691133852916050e-10 3.575654057380053043e+09
9.089888552823731152e+04 2.941179933255814809e-10 3.399995997160990715e+09
9.178310860954805685e+04 3.092013246857428520e-10 3.234138796191611290e+09
9.267593301146883459e+04 3.249413558424599356e-10 3.077478388084360123e+09
9.357744240374067158e+04 3.413608747624465677e-10 2.929451129090002537e+09
9.448772127000568435e+04 3.584832136107315372e-10 2.789530895820065975e+09
9.540685491572522733e+04 3.763322531592492859e-10 2.657226404606991291e+09
9.633492947617212485e+04 3.949324269927541938e-10 2.532078734619446278e+09
9.727203192450536881e+04 4.143087255094149887e-10 2.413659038366729736e+09
9.821825007991856546e+04 4.344866997137765848e-10 2.301566424608077049e+09
9.917367261587073153e+04 4.554924648001757726e-10 2.195425999942061424e+09
1.001383890683960781e+05 4.773527035250803729e-10 2.094887056500057220e+09
1.011124898444946448e+05 5.000946693671883197e-10 1.999621394215986729e+09
1.020960662306047598e+05 5.237461894745293398e-10 1.909321767101145983e+09
1.030892104011575138e+05 5.483356673981275118e-10 1.823700443826745749e+09
1.040920154272159125e+05 5.738920856123311533e-10 1.742487873714132786e+09
1.051045752851944417e+05 6.004450078220832137e-10 1.665431449962705135e+09
1.061269848656690156e+05 6.280245810580778448e-10 1.592294362611139536e+09
1.071593399822671199e+05 6.566615375607810855e-10 1.522854534338306904e+09
1.082017373806478863e+05 6.863871964551521038e-10 1.456903632766610146e+09
1.092542747475683136e+05 7.172334652177515138e-10 1.394246153442381144e+09
1.103170507200378051e+05 7.492328409388551055e-10 1.334698568133921385e+09
1.113901648945617926e+05 7.824184113820619729e-10 1.278088533516999483e+09
1.124737178364750725e+05 8.168238558447621157e-10 1.224254155708756208e+09
1.135678110893670382e+05 8.524834458226970651e-10 1.173043306471412659e+09
1.146725471845963039e+05 8.894320454827203843e-10 1.124312987235883951e+09
1.157880296509002219e+05 9.277051119477924085e-10 1.077928737398480654e+09
1.169143630240966741e+05 9.673386953988908611e-10 1.033764083620826364e+09
1.180516528568805516e+05 1.008369438998713265e-09 9.917000271180135012e+08
1.192000057287153904e+05 1.050834578642494573e-09 9.516245661537284851e+08
1.203595292558213550e+05 1.094771942541454005e-09 9.134322511760338545e+08
1.215303321012603410e+05 1.140219950644860909e-09 8.770237702247198820e+08
1.227125239851189108e+05 1.187217613906906655e-09 8.423055624227058887e+08
1.239062156947915646e+05 1.235804533404967323e-09 8.091894575307441950e+08
1.251115190953615092e+05 1.286020899315907725e-09 7.775923396983244419e+08
1.263285471400849201e+05 1.337907489757807277e-09 7.474358336846022606e+08
1.275574138809759897e+05 1.391505669504193970e-09 7.186460119535906315e+08
1.287982344794950914e+05 1.446857388578522647e-09 6.911531211672897339e+08
1.300511252173409885e+05 1.504005180736756634e-09 6.648913267108141184e+08
1.313162035073477309e+05 1.562992161846101177e-09 6.397984739852228165e+08
1.325935879044892208e+05 1.623862028168202702e-09 6.158158652974045277e+08
1.338833981169863837e+05 1.686659054555252771e-09 5.928880512627879381e+08
1.351857550175292126e+05 1.751428092567808908e-09 5.709626357162497044e+08
1.365007806546013744e+05 1.818214568522970126e-09 5.499900932002496719e+08
1.378285982639189169e+05 1.887064481482152558e-09 5.299235981669117808e+08
1.391693322799790476e+05 1.958024401187433882e-09 5.107188650935888290e+08
1.405231083477212233e+05 2.031141465955885253e-09 4.923339987692019939e+08
1.418900533343017742e+05 2.106463380541155148e-09 4.747293540622091889e+08
1.432702953409829352e+05 2.184038413971935173e-09 4.578674045303902626e+08
1.446639637151389616e+05 2.263915397376792685e-09 4.417126192783987522e+08
1.460711890623744985e+05 2.346143721805068521e-09 4.262313475112357140e+08
1.474921032587684167e+05 2.430773336053576163e-09 4.113917102709074616e+08
1.489268394632288837e+05 2.517854744508789018e-09 3.971634988797144294e+08
1.503755321299738425e+05 2.607439005014382869e-09 3.835180796470764875e+08
1.518383170211307588e+05 2.699577726773877653e-09 3.704283044278362393e+08
1.533153312194594764e+05 2.794323068298139324e-09 3.578684266486917734e+08
1.548067131411985902e+05 2.891727735407772583e-09 3.458140224459916353e+08
1.563126025490367902e+05 2.991844979299766522e-09 3.342419165828729868e+08
1.578331405652116518e+05 3.094728594688439703e-09 3.231301128364939690e+08
1.593684696847328159e+05 3.200432918030366392e-09 3.124577285673674345e+08
1.609187337887370086e+05 3.309012825842578996e-09 3.022049332025083303e+08
1.624840781579713221e+05 3.420523733124080809e-09 2.923528903822765946e+08
1.640646494864079577e+05 3.535021591889504178e-09 2.828837035378587246e+08
1.656605958949915075e+05 3.652562889824957726e-09 2.737803646819406748e+08
1.672720669455195020e+05 3.773204649074714104e-09 2.650267062098594308e+08
1.688992136546600668e+05 3.897004425168268647e-09 2.566073555220099688e+08
1.705421885081004875e+05 4.024020306096420396e-09 2.485076922909640074e+08
1.722011454748420219e+05 4.154310911545615946e-09 2.407138082084349692e+08
1.738762400216250389e+05 4.287935392298946184e-09 2.332124690581816733e+08
1.755676291275001422e+05 4.424953429812507400e-09 2.259910789710552394e+08
1.772754712985388178e+05 4.565425235975398963e-09 2.190376467278520465e+08
1.789999265826876217e+05 4.709411553061838663e-09 2.123407539844010472e+08
1.807411565847669553e+05 4.856973653882911480e-09 2.058895253015319705e+08
1.824993244816150400e+05 5.008173342146314564e-09 1.996735998701350391e+08
1.842745950373818632e+05 5.163072953031561262e-09 1.936831048286539912e+08
1.860671346189655305e+05 5.321735353987925037e-09 1.879086300769606233e+08
1.878771112116085133e+05 5.484223945762495095e-09 1.823412044967039824e+08
1.897046944346358359e+05 5.650602663665520364e-09 1.769722734939753413e+08
1.915500555573527818e+05 5.820935979079541789e-09 1.717936777854974568e+08
1.934133675150945783e+05 5.995288901219018080e-09 1.667976333545278609e+08
1.952948049254328653e+05 6.173726979147019344e-09 1.619767125073229373e+08
1.971945441045397893e+05 6.356316304054828492e-09 1.573238259653753936e+08
1.991127630837106844e+05 6.543123511810291973e-09 1.528322059326875210e+08
2.010496416260497062e+05 6.734215785781131960e-09 1.484953900811192393e+08
2.030053612433136732e+05 6.929660859937829870e-09 1.443072064004257023e+08
2.049801052129237505e+05 7.129527022242041875e-09 1.402617588628659546e+08
2.069740585951406101e+05 7.333883118324968516e-09 1.363534138553869128e+08
2.089874082504071121e+05 7.542798555460801147e-09 1.325767873352556378e+08
2.110203428568596428e+05 7.756343306839025426e-09 1.289267326677336395e+08
2.130730529280098563e+05 7.974587916140918825e-09 1.253983291068815887e+08
2.151457308305982733e+05 8.197603502423047948e-09 1.219868708829867244e+08
2.172385708026213397e+05 8.425461765312402008e-09 1.186878568622786403e+08
2.193517689715357847e+05 8.658234990516026173e-09 1.154969807466961145e+08
2.214855233726359147e+05 8.895996055649010244e-09 1.124101217833829969e+08
2.236400339676138829e+05 9.138818436383296043e-09 1.094233359554248750e+08
2.258155026632983063e+05 9.386776212920622124e-09 1.065328476270191073e+08
2.280121333305758308e+05 9.639944076791685370e-09 1.037350416178777814e+08
2.302301318234964856e+05 9.898397337984298781e-09 1.010264556831418425e+08
2.324697059985645465e+05 1.016221193240219818e-08 9.840377337649311125e+07
2.347310657342198538e+05 1.043146442965684533e-08 9.586381727545191348e+07
2.370144229505010881e+05 1.070623204119341539e-08 9.340354254908627272e+07
2.393199916289121902e+05 1.098659262875296540e-08 9.102003084950144589e+07
2.416479878324700694e+05 1.127262471317117430e-08 8.871048450957289338e+07
2.439986297259550192e+05 1.156440748351580187e-08 8.647222103038355708e+07
2.463721375963552855e+05 1.186202080656240161e-08 8.430266784279893339e+07
2.487687338735108497e+05 1.216554523660988911e-08 8.219935732848952711e+07
2.511886431509582035e+05 1.247506202563615934e-08 8.015992208656015992e+07
2.536320922069773078e+05 1.279065313379291258e-08 7.818209043273946643e+07
2.560993100258462073e+05 1.311240124024185279e-08 7.626368211880278587e+07
2.585905278192944534e+05 1.344038975432955522e-08 7.440260426062940061e+07
2.611059790481779783e+05 1.377470282710282472e-08 7.259684746391917765e+07
2.636458994443517877e+05 1.411542536316218899e-08 7.084448213723374903e+07
2.662105270327638718e+05 1.446264303285457224e-08 6.914365498258616030e+07
2.688001021537607303e+05 1.481644228480259326e-08 6.749258565436537564e+07
2.714148674856108264e+05 1.517691035877061048e-08 6.588956357787989080e+07
2.740550680672463495e+05 1.554413529886582805e-08 6.433294491929471493e+07
2.767209513212265447e+05 1.591820596707302370e-08 6.282114969918785989e+07
2.794127670769267133e+05 1.629921205712182804e-08 6.135265904237726331e+07
2.821307675939470646e+05 1.668724410868412177e-08 5.992601255707616359e+07
2.848752075857552118e+05 1.708239352190075987e-08 5.853980583680699021e+07
2.876463442435557954e+05 1.748475257223461530e-08 5.719268807886803895e+07
2.904444372603925876e+05 1.789441442564864175e-08 5.588335981347720325e+07
2.932697488554854644e+05 1.831147315410644759e-08 5.461057073803723603e+07
2.961225437988037593e+05 1.873602375139306805e-08 5.337311765126512945e+07
2.990030894358788501e+05 1.916816214925327880e-08 5.216984248220981658e+07
3.019116557128574350e+05 1.960798523384564443e-08 5.099963040944587439e+07
3.048485152018016088e+05 2.005559086250837756e-08 4.986140806598648429e+07
3.078139431262287544e+05 2.051107788083537748e-08 4.875414182568897307e+07
3.108082173869063845e+05 2.097454614005894436e-08 4.767683616715388000e+07
3.138316185878944816e+05 2.144609651473633669e-08 4.662853211132694036e+07
3.168844300628417986e+05 2.192583092073690639e-08 4.560830572921296954e+07
3.199669379015382729e+05 2.241385233352696262e-08 4.461526671629694104e+07
3.230794309767246596e+05 2.291026480674874134e-08 4.364855703044633567e+07
3.262222009711673018e+05 2.341517349109035055e-08 4.270734959023504704e+07
3.293955424049853464e+05 2.392868465344288283e-08 4.179084703078816831e+07
3.325997526632605586e+05 2.445090569634195232e-08 4.089828051439452171e+07
3.358351320238990011e+05 2.498194517768843818e-08 4.002890859327910095e+07
3.391019836857747287e+05 2.552191283074720715e-08 3.918201612205423415e+07
3.424006137971425778e+05 2.607091958441731338e-08 3.835691321750321984e+07
3.457313314843286062e+05 2.662907758377156144e-08 3.755293426346188784e+07
3.490944488806994632e+05 2.719650021086152145e-08 3.676943695867999643e+07
3.524902811559127294e+05 2.777330210578259331e-08 3.600580140565255284e+07
3.559191465454560821e+05 2.835959918799702875e-08 3.526142923850778490e+07
3.593813663804625394e+05 2.895550867790854883e-08 3.453574278813981265e+07
3.628772651178335655e+05 2.956114911868682930e-08 3.382818428285855800e+07
3.664071703706370899e+05 3.017664039833508793e-08 3.313821508292130008e+07
3.699714129388128058e+05 3.080210377199847725e-08 3.246531494738610461e+07
3.735703268401721143e+05 3.143766188450730724e-08 3.180898133180848137e+07
3.772042493417001097e+05 3.208343879315254371e-08 3.116872871537157521e+07
3.808735209911618149e+05 3.273955999068574716e-08 3.054408795611472428e+07
3.845784856490154634e+05 3.340615242854357808e-08 2.993460567298253626e+07
3.883194905206402182e+05 3.408334454028702490e-08 2.933984365348843485e+07
3.920968861888688989e+05 3.477126626525513003e-08 2.875937828583599254e+07
3.959110266468458576e+05 3.547004907242500130e-08 2.819280001440472901e+07
3.997622693312000483e+05 3.617982598447529014e-08 2.763971281755469367e+07
4.036509751555416151e+05 3.690073160204786874e-08 2.709973370675673336e+07
4.075775085442842101e+05 3.763290212820128745e-08 2.657249224610348418e+07
4.115422374667961849e+05 3.837647539305282271e-08 2.605763009129877016e+07
4.155455334718879312e+05 3.913159087860307382e-08 2.555480054726817086e+07
4.195877717226221575e+05 3.989838974373727859e-08 2.506366814357380942e+07
4.236693310314833652e+05 4.067701484939896708e-08 2.458390822685395926e+07
4.277905938958685147e+05 4.146761078393055365e-08 2.411520656954554841e+07
4.319519465339363669e+05 4.227032388857366087e-08 2.365725899418329075e+07
4.361537789208005415e+05 4.308530228312693867e-08 2.320977101259934530e+07
4.403964848250756040e+05 4.391269589175147228e-08 2.277245747938329726e+07
4.446804618457782781e+05 4.475265646892191297e-08 2.234504225898726657e+07
4.490061114495869842e+05 4.560533762551449732e-08 2.192725790589338914e+07
4.533738390084695420e+05 4.647089485502788509e-08 2.151884535728507861e+07
4.577840538376616314e+05 4.734948555992988745e-08 2.111955363769068941e+07
4.622371692340381560e+05 4.824126907812446067e-08 2.072913957509175688e+07
4.667336025148346671e+05 4.914640670953062721e-08 2.034736752801251784e+07
4.712737750567601179e+05 5.006506174277145819e-08 1.997400912312632799e+07
4.758581123354849406e+05 5.099739948195966393e-08 1.960884300294077024e+07
4.804870439655134105e+05 5.194358727358181091e-08 1.925165458313646168e+07
4.851610037404448376e+05 5.290379453346495235e-08 1.890223581916109100e+07
4.898804296736245160e+05 5.387819277382719447e-08 1.856038498169109598e+07
4.946457640391968889e+05 5.486695563039873859e-08 1.822590644059637934e+07
4.994574534135411377e+05 5.587025888961034166e-08 1.789861045705590025e+07
5.043159487171358778e+05 5.688828051583960678e-08 1.757831298348991945e+07
5.092217052568053477e+05 5.792120067870828742e-08 1.726483547098839656e+07
5.141751827683927841e+05 5.896920178042311476e-08 1.695800468392951787e+07
5.191768454598429380e+05 6.003246848315154517e-08 1.665765252149602585e+07
5.242271620547046768e+05 6.111118773642530759e-08 1.636361584580936469e+07
5.293266058360566385e+05 6.220554880456234087e-08 1.607573631641454250e+07
5.344756546908593737e+05 6.331574329410125118e-08 1.579386023085926473e+07
5.396747911547439871e+05 6.444196518123513427e-08 1.551783837112388387e+07
5.449245024572256953e+05 6.558441083924161247e-08 1.524752585566664301e+07
5.502252805673684925e+05 6.674327906589492525e-08 1.498278199686159752e+07
5.555776222398878308e+05 6.791877111085468658e-08 1.472347016361403652e+07
5.609820290617034771e+05 6.911109070301943759e-08 1.446945764894881658e+07
5.664390074989452260e+05 7.032044407783730483e-08 1.422061554237492569e+07
5.719490689444137970e+05 7.154704000456105889e-08 1.397681860683895461e+07
5.775127297655120492e+05 7.279108981344159095e-08 1.373794516008661501e+07
5.831305113526218338e+05 7.405280742284505059e-08 1.350387696026097238e+07
5.888029401679823641e+05 7.533240936628616698e-08 1.327449909557166137e+07
5.945305477950134082e+05 7.663011481936675535e-08 1.304969987787711993e+07
6.003138709881384857e+05 7.794614562660376504e-08 1.282937074002913199e+07
6.061534517230839701e+05 7.928072632814419576e-08 1.261340613683310524e+07
6.120498372476702789e+05 8.063408418634525613e-08 1.240170344948671199e+07
6.180035801330960821e+05 8.200644921221694563e-08 1.219416289336210489e+07
6.240152383257203037e+05 8.339805419170559280e-08 1.199068742900545523e+07
6.300853751993559999e+05 8.480913471181538520e-08 1.179118267622983456e+07
6.362145596080517862e+05 8.623992918654773432e-08 1.159555683118518256e+07
6.424033659394191345e+05 8.769067888264721262e-08 1.140372058629239537e+07
6.486523741684461711e+05 8.916162794514448053e-08 1.121558705293309502e+07
6.549621699118558317e+05 9.065302342267525269e-08 1.103107168679238670e+07
6.613333444829843938e+05 9.216511529256674040e-08 1.085009221575455926e+07
6.677664949471958680e+05 9.369815648567687957e-08 1.067256857025638968e+07
6.742622241778349271e+05 9.525240291096676976e-08 1.049842281600715779e+07
6.808211409127230290e+05 9.682811347979635839e-08 1.032757908898694813e+07
6.874438598112108884e+05 9.842555012992470910e-08 1.015996353263933584e+07
6.941310015117721632e+05 1.000449778492016455e-07 9.995504237177258357e+06
7.008831926901709521e+05 1.016866646989301245e-07 9.834131180924860761e+06
7.077010661181889009e+05 1.033508818368860636e-07 9.675776173620404676e+06
7.145852607229240239e+05 1.050379035399798737e-07 9.520372801608484238e+06
7.215364216466669459e+05 1.067480072265362317e-07 9.367856374853359535e+06
7.285552003073596861e+05 1.084814734781795983e-07 9.218163875706795603e+06
7.356422544596421067e+05 1.102385860613073901e-07 9.071233909366963431e+06
7.427982482564910315e+05 1.120196319481262680e-07 8.927006655967921019e+06
7.500238523114664713e+05 1.138249013372389020e-07 8.785423824240474030e+06
7.573197437615479575e+05 1.156546876737580925e-07 8.646428606688449159e+06
7.646866063305975404e+05 1.175092876689295718e-07 8.509965636226117611e+06
7.721251303934328025e+05 1.193890013192410945e-07 8.375980944224858657e+06
7.796360130405237433e+05 1.212941319250001061e-07 8.244421919918853790e+06
7.872199581433199346e+05 1.232249861083541971e-07 8.115237271121946163e+06
7.948776764202114427e+05 1.251818738307386321e-07 7.988376986209070310e+06
8.026098855031403946e+05 1.271651084097203803e-07 7.863792297318255529e+06
8.104173100048351334e+05 1.291750065352248055e-07 7.741435644729844294e+06
8.183006815867389087e+05 1.312118882851151692e-07 7.621260642382212915e+06
8.262607390275591752e+05 1.332760771401028194e-07 7.503222044484227896e+06
8.342982282925081672e+05 1.353678999979662800e-07 7.387275713186239824e+06
8.424139026032094844e+05 1.374876871870508643e-07 7.273378587273115292e+06
8.506085225082844263e+05 1.396357724790265799e-07 7.161488651843859814e+06
8.588828559546258766e+05 1.418124931008770592e-07 7.051564908943944611e+06
8.672376783593635773e+05 1.440181897460930470e-07 6.943567349117636681e+06
8.756737726825403515e+05 1.462532065850441865e-07 6.837456923848805018e+06
8.841919295004659798e+05 1.485178912745012315e-07 6.733195518859944306e+06
8.927929470798302209e+05 1.508125949662861582e-07 6.630745928239932284e+06
9.014776314524917398e+05 1.531376723150079325e-07 6.530071829373085871e+06
9.102467964910225710e+05 1.554934814848741102e-07 6.431137758641520515e+06
9.191012639849777333e+05 1.578803841555330880e-07 6.333909087875462137e+06
9.280418637179076904e+05 1.602987455269271260e-07 6.238352001525920816e+06
9.370694335451208754e+05 1.627489343231174954e-07 6.144433474535851739e+06
9.461848194721991895e+05 1.652313227950603911e-07 6.052121250886064954e+06
9.553888757342890603e+05 1.677462867222923942e-07 5.961383822793774307e+06
9.646824648761422141e+05 1.702942054135018495e-07 5.872190410541794263e+06
9.740664578329562210e+05 1.728754617059490179e-07 5.784510942917631008e+06
9.835417340119908331e+05 1.754904419637009659e-07 5.698316038242375478e+06
9.931091813749800203e+05 1.781395360746529212e-07 5.613576985969751142e+06
1.002769696521346574e+06 1.808231374462963374e-07 5.530265728836806491e+06
1.012524184772223118e+06 1.835416430002030682e-07 5.448354845548013225e+06
1.022373560255303280e+06 1.862954531651895470e-07 5.367817533975414000e+06
1.032318745990485535e+06 1.890849718691221664e-07 5.288627594858063385e+06
1.042360673976403312e+06 1.919106065293353771e-07 5.210759415984340012e+06
1.052500285277732648e+06 1.947727680416141450e-07 5.134187956841816194e+06
1.062738530113414628e+06 1.976718707677200938e-07 5.058888733719115146e+06
1.073076367945679463e+06 2.006083325214049003e-07 4.984837805245702155e+06
1.083514767569973134e+06 2.035825745528879917e-07 4.912011758355150931e+06
1.094054707205743529e+06 2.065950215317528597e-07 4.840387694658478722e+06
1.104697174588110531e+06 2.096461015282236615e-07 4.769943217214438133e+06
1.115443167060442269e+06 2.127362459927832782e-07 4.700656417684099637e+06
1.126293691667794017e+06 2.158658897340955329e-07 4.632505863857435063e+06
1.137249765251314268e+06 2.190354708951838453e-07 4.565470587540294044e+06
1.148312414543511113e+06 2.222454309278349809e-07 4.499530072790151462e+06
1.159482676264482550e+06 2.254962145651784775e-07 4.434664244489813223e+06
1.170761597219069256e+06 2.287882697924076006e-07 4.370853457248293795e+06
1.182150234394951258e+06 2.321220478155886795e-07 4.308078484618825838e+06
1.193649655061714351e+06 2.354980030285330392e-07 4.246320508623759262e+06
1.205260936870841309e+06 2.389165929776693003e-07 4.185561109577124938e+06
1.216985167956739198e+06 2.423782783248891525e-07 4.125782256195326336e+06
1.228823447038672166e+06 2.458835228083164938e-07 4.066966295987105928e+06
1.240776883523764089e+06 2.494327932009508883e-07 4.009095945914250799e+06
1.252846597610937431e+06 2.530265592671531806e-07 3.952154283314461820e+06
1.265033720395903802e+06 2.566652937169174169e-07 3.896124737078497186e+06
1.277339393977160100e+06 2.603494721578934156e-07 3.840991079073641449e+06
1.289764771563015878e+06 2.640795730451032926e-07 3.786737415806128178e+06
1.302311017579678679e+06 2.678560776283275327e-07 3.733348180314888246e+06
1.314979307780346600e+06 2.716794698970849589e-07 3.680808124290033709e+06
1.327770829355431721e+06 2.755502365231946341e-07 3.629102310408738442e+06
1.340686781043774681e+06 2.794688668008464803e-07 3.578216104882316664e+06
1.353728373245021794e+06 2.834358525841495919e-07 3.528135170207900461e+06
1.366896828133026371e+06 2.874516882221103345e-07 3.478845458118556999e+06
1.380193379770397209e+06 2.915168704909876579e-07 3.430333202725964598e+06
1.393619274224143475e+06 2.956318985239906852e-07 3.382584913849712815e+06
1.407175769682445331e+06 2.997972737382584374e-07 3.335587370527798310e+06
1.420864136572578223e+06 3.040134997590937427e-07 3.289327614702701103e+06
1.434685657679936383e+06 3.082810823413849422e-07 3.243792945078018121e+06
1.448641628268291708e+06 3.126005292881838953e-07 3.198970911140422802e+06
1.462733356201129965e+06 3.169723503663914203e-07 3.154849307342076674e+06
1.476962162064259872e+06 3.213970572195028419e-07 3.111416167438755743e+06
1.491329379289537668e+06 3.258751632773648896e-07 3.068659758979120292e+06
1.505836354279841529e+06 3.304071836629063585e-07 3.026568577940596268e+06
1.520484446535245748e+06 3.349936350957948881e-07 2.985131343507585116e+06
1.535275028780421242e+06 3.396350357929673419e-07 2.944336992987890262e+06
1.550209487093292875e+06 3.443319053660025547e-07 2.904174676863199100e+06
1.565289221034900751e+06 3.490847647152820244e-07 2.864633753969792277e+06
1.580515643780601211e+06 3.538941359209048800e-07 2.825703786805609241e+06
1.595890182252465980e+06 3.587605421302994209e-07 2.787374536960105877e+06
1.611414277253019856e+06 3.636845074425017929e-07 2.749635960663238075e+06
1.627089383600260597e+06 3.686665567890616740e-07 2.712478204450113699e+06
1.642916970263991505e+06 3.737072158115137703e-07 2.675891600938122720e+06
1.658898520503499778e+06 3.788070107354047996e-07 2.639866664713067003e+06
1.675035532006522641e+06 3.839664682408047590e-07 2.604394088321403600e+06
1.691329517029650509e+06 3.891861153292870711e-07 2.569464738365366589e+06
1.707782002539991168e+06 3.944664791873286920e-07 2.535069651698106900e+06
1.724394530358320335e+06 3.998080870460934952e-07 2.501200031715994235e+06
1.741168657303530956e+06 4.052114660375634074e-07 2.467847244745288510e+06
1.758105955338547705e+06 4.106771430469801344e-07 2.435002816520527005e+06
1.775208011717635905e+06 4.162056445615703706e-07 2.402658428751961328e+06
1.792476429135147016e+06 4.217974965155072173e-07 2.370805915779624134e+06
1.809912825875729090e+06 4.274532241310917702e-07 2.339437261311471928e+06
1.827518835965942824e+06 4.331733517561120467e-07 2.308544595243306365e+06
1.845296109327447135e+06 4.389584026973537896e-07 2.278120190558157396e+06
1.863246311931559816e+06 4.448088990502330776e-07 2.248156460302895866e+06
1.881371125955437077e+06 4.507253615245351783e-07 2.218645954639863688e+06
1.899672249939675443e+06 4.567083092662122098e-07 2.189581357971542049e+06
1.918151398947507609e+06 4.627582596752297113e-07 2.160955486136139836e+06
1.936810304725521943e+06 4.688757282194562462e-07 2.132761283672061283e+06
1.955650715865947073e+06 4.750612282445334103e-07 2.104991821149544790e+06
1.974674397970539518e+06 4.813152707797465217e-07 2.077640292567420984e+06
1.993883133815998910e+06 4.876383643398690442e-07 2.050700012813246576e+06
2.013278723521096399e+06 4.940310147229423124e-07 2.024164415185168618e+06
2.032862984715323895e+06 5.004937248040280385e-07 1.998027048973605735e+06
2.052637752709252061e+06 5.070269943248573144e-07 1.972281577101375908e+06
2.072604880666519748e+06 5.136313196794261385e-07 1.946921773820436327e+06
2.092766239777499577e+06 5.203071936955052781e-07 1.921941522463787347e+06
2.113123719434654806e+06 5.270551054120389529e-07 1.897334813251119340e+06
2.133679227409595624e+06 5.338755398524942758e-07 1.873095741146508371e+06
2.154434690031886566e+06 5.407689777940771745e-07 1.849218503767048940e+06
2.175392052369520068e+06 5.477358955328950474e-07 1.825697399340780685e+06
2.196553278411258012e+06 5.547767646450160752e-07 1.802526824712761911e+06
2.217920351250634994e+06 5.618920517434789735e-07 1.779701273397849873e+06
2.239495273271823302e+06 5.690822182312183523e-07 1.757215333679077448e+06
2.261280066337279510e+06 5.763477200499559754e-07 1.735063686750289053e+06
2.283276771977215540e+06 5.836890074250619434e-07 1.713241104901888873e+06
2.305487451580940746e+06 5.911065246064048572e-07 1.691742449748565443e+06
2.327914186589990743e+06 5.986007096052085392e-07 1.670562670497874729e+06
2.350559078693256248e+06 6.061719939269515226e-07 1.649696802258581156e+06
2.373424250023866072e+06 6.138208023003378960e-07 1.629139964387696935e+06
2.396511843358130194e+06 6.215475524023683018e-07 1.608887358875214122e+06
2.419824022316292860e+06 6.293526545795340659e-07 1.588934268765566405e+06
2.443362971565319691e+06 6.372365115652093131e-07 1.569276056614763802e+06
2.467130897023623809e+06 6.451995181932511283e-07 1.549908162982351147e+06
2.491130026067785919e+06 6.532420611078511734e-07 1.530826104957283940e+06
2.515362607741315849e+06 6.613645184697370152e-07 1.512025474716721335e+06
2.539830912965360098e+06 6.695672596587069664e-07 1.493501938117048470e+06
2.564537234751597513e+06 6.778506449726197745e-07 1.475251233316142345e+06
2.589483888417040464e+06 6.862150253228533498e-07 1.457269169426180655e+06
2.614673211801092140e+06 6.946607419263459254e-07 1.439551625196100213e+06
2.640107565484572668e+06 7.031881259942230405e-07 1.422094547723087249e+06
2.665789333010967821e+06 7.117974984171625993e-07 1.404893951192184119e+06
2.691720921109790448e+06 7.204891694475081704e-07 1.387945915643435437e+06
2.717904759922120254e+06 7.292634383782655226e-07 1.371246585765766446e+06
2.744343303228368051e+06 7.381205932190195608e-07 1.354792169717007317e+06
2.771039028678167611e+06 7.470609103689060224e-07 1.338578937969315331e+06
2.797994438022641931e+06 7.560846542867196725e-07 1.322603222179382574e+06
2.825212057348790113e+06 7.651920771582285622e-07 1.306861414082855452e+06
2.852694437316245399e+06 7.743834185608566596e-07 1.291349964412251487e+06
2.880444153396297712e+06 7.836589051257895964e-07 1.276065381837885594e+06
2.908463806113254279e+06 7.930187501976515468e-07 1.261004231931162532e+06
2.936756021288140677e+06 8.024631534918541418e-07 1.246163136149716098e+06
2.965323450284770690e+06 8.119923007497454286e-07 1.231538770843836013e+06
2.994168770258246455e+06 8.216063633916977853e-07 1.217127866283642361e+06
3.023294684405776206e+06 8.313054981682368616e-07 1.202927205706539564e+06
3.052703922220086213e+06 8.410898468093927024e-07 1.188933624384386931e+06
3.082399239745143335e+06 8.509595356723774520e-07 1.175144008709955495e+06
3.112383419834465720e+06 8.609146753877503642e-07 1.161555295302181272e+06
3.142659272411905695e+06 8.709553605042349696e-07 1.148164470129738096e+06
3.173229634734972846e+06 8.810816691323192700e-07 1.134968567652520025e+06
3.204097371660756413e+06 8.912936625868372688e-07 1.121964669980553910e+06
3.235265375914326869e+06 9.015913850286421644e-07 1.109149906049991259e+06
3.266736568359924946e+06 9.119748631056211883e-07 1.096521450815672521e+06
3.298513898274578154e+06 9.224441055931543643e-07 1.084076524459956447e+06
3.330600343624588568e+06 9.329991030342521383e-07 1.071812391617367044e+06
3.362998911344536114e+06 9.436398273795121648e-07 1.059726360614727251e+06
3.395712637619100977e+06 9.543662316271475634e-07 1.047815782726353500e+06
3.428744588167588692e+06 9.651782494632224850e-07 1.036078051444013952e+06
3.462097858531224076e+06 9.760757949023369247e-07 1.024510601761266822e+06
3.495775574363278691e+06 9.870587619289425729e-07 1.013110909471860970e+06
3.529780891721910797e+06 9.981270241395321700e-07 1.001876490481842775e+06
3.564116997366035823e+06 1.009280434385872829e-06 9.908049001350948820e+05
3.598787109053855762e+06 1.020518824419559670e-06 9.798937325519396691e+05
3.633794475844513159e+06 1.031842004538066586e-06 9.691406199805545621e+05
3.669142378402493894e+06 1.043249763232551640e-06 9.585432321608772036e+05
3.704834129305106122e+06 1.054741866837650866e-06 9.480992757007179316e+05
3.740873073352904059e+06 1.066318059183486430e-06 9.378064934638092527e+05
3.777262587883137167e+06 1.077978061250156810e-06 9.276626639695025515e+05
3.814006083086288068e+06 1.089721570824918635e-06 9.176656008038828149e+05
3.851107002325568814e+06 1.101548262162365531e-06 9.078131520419958979e+05
3.888568822459721006e+06 1.113457785647814482e-06 8.981031996809791308e+05
3.926395054168756586e+06 1.125449767464187884e-06 8.885336590838296106e+05
3.964589242282997817e+06 1.137523809262647537e-06 8.791024784335796721e+05
4.003154966115265153e+06 1.149679487837245059e-06 8.698076381976518314e+05
4.042095839796301909e+06 1.161916354803873098e-06 8.606471506021585083e+05
4.081415512613506056e+06 1.174233936283791597e-06 8.516190591159320902e+05
4.121117669352828525e+06 1.186631732591986577e-06 8.427214379440849880e+05
4.161206030644211918e+06 1.199109217930684823e-06 8.339523915308651049e+05
4.201684353310129605e+06 1.211665840088285762e-06 8.253100540716216201e+05
4.242556430717777461e+06 1.224301020143989637e-06 8.167925890336923767e+05
4.283826093134470284e+06 1.237014152178450212e-06 8.083981886859942460e+05
4.325497208086634055e+06 1.249804602990697199e-06 8.001250736371654784e+05
4.367573680722232908e+06 1.262671711821695627e-06 7.919714923820294207e+05
4.410059454176732339e+06 1.275614790084758124e-06 7.839357208562587621e+05
4.452958509942660108e+06 1.288633121103189800e-06 7.760160619990172563e+05
4.496274868242635392e+06 1.301725959855407776e-06 7.682108453234483022e+05
4.540012588406248949e+06 1.314892532727892592e-06 7.605184264948158525e+05
4.584175769250333309e+06 1.328132037276247195e-06 7.529371869161553914e+05
4.628768549463215284e+06 1.341443641994670789e-06 7.454655333212818950e+05
4.673795107992463745e+06 1.354826486094181885e-06 7.381018973749853903e+05
4.719259664436561987e+06 1.368279679289873701e-06 7.308447352802841924e+05
4.765166479440331459e+06 1.381802301597535615e-06 7.236925273925766815e+05
4.811519855094200931e+06 1.395393403139937373e-06 7.166437778405598365e+05
4.858324135337422602e+06 1.409052003963097896e-06 7.096970141537723830e+05
4.905583706365045160e+06 1.422777093862825217e-06 7.028507868966390379e+05
4.953302997039113194e+06 1.436567632221885407e-06 6.961036693088632310e+05
5.001486479303549044e+06 1.450422547858066678e-06 6.894542569520620164e+05
5.050138668603383005e+06 1.464340738883473442e-06 6.829011673625069670e+05
5.099264124307808466e+06 1.478321072575327743e-06 6.764430397098631365e+05
5.148867450137497857e+06 1.492362385258641643e-06 6.700785344617820811e+05
5.198953294596029446e+06 1.506463482200989890e-06 6.638063330542662879e+05
5.249526351405502297e+06 1.520623137519766804e-06 6.576251375676577445e+05
5.300591359946457669e+06 1.534840094102129378e-06 6.515336704081821954e+05
5.352153105701899156e+06 1.549113063538044195e-06 6.455306739948883187e+05
5.404216420705915429e+06 1.563440726066594434e-06 6.396149104519394459e+05
5.456786183996382169e+06 1.577821730535980008e-06 6.337851613060898380e+05
5.509867322072253563e+06 1.592254694377362457e-06 6.280402271893074503e+05
5.563464809355226345e+06 1.606738203592947196e-06 6.223789275463951053e+05
5.617583668655902147e+06 1.621270812758495392e-06 6.168001003475537291e+05
5.672228971644549631e+06 1.635851045040614230e-06 6.113026018057606416e+05
5.727405839326260611e+06 1.650477392229018924e-06 6.058853060989039950e+05
5.783119442521032877e+06 1.665148314784092341e-06 6.005471050965586910e+05
5.839375002348160371e+06 1.679862241899941310e-06 5.952869080913383514e+05
5.896177790715694427e+06 1.694617571583275510e-06 5.901036415347112343e+05
5.953533130814369768e+06 1.709412670748241909e-06 5.849962487772372551e+05
6.011446397616513073e+06 1.724245875327582597e-06 5.799636898130981717e+05
6.069923018379741348e+06 1.739115490400210861e-06 5.750049410288886866e+05
6.128968473155557178e+06 1.754019790335557672e-06 5.701189949565462302e+05
6.188588295302966610e+06 1.768957018954787253e-06 5.653048600303832209e+05
6.248788072006887756e+06 1.783925389709155111e-06 5.605615603481244761e+05
6.309573444801942445e+06 1.798923085875697215e-06 5.558881354358795797e+05
6.370950110100935213e+06 1.813948260770412731e-06 5.512836400169892004e+05
6.432923819728876464e+06 1.828999037979144656e-06 5.467471437846664339e+05
6.495500381461868994e+06 1.844073511606289454e-06 5.422777311783763580e+05
6.558685659571435302e+06 1.859169746541553767e-06 5.378745011638717260e+05
6.622485575374069624e+06 1.874285778744835531e-06 5.335365670168378856e+05
6.686906107786130160e+06 1.889419615549434241e-06 5.292630561100662453e+05
6.751953293884212151e+06 1.904569235983652206e-06 5.250531097041113535e+05
6.817633229470755905e+06 1.919732591110941597e-06 5.209058827413582476e+05
6.883952069645496085e+06 1.934907604388699975e-06 5.168205436434430303e+05
6.950916029382126406e+06 1.950092172045777212e-06 5.127962741119734128e+05
7.018531384110795334e+06 1.965284163478782296e-06 5.088322689324902603e+05
7.086804470306189731e+06 1.980481421667280039e-06 5.049277357816080912e+05
7.155741686081341468e+06 1.995681763607894612e-06 5.010818950372874970e+05
7.225349491787221283e+06 2.010882980767375191e-06 4.972939795921833720e+05
7.295634410618146881e+06 2.026082839554638097e-06 4.935632346700168564e+05
7.366603029223167337e+06 2.041279081811826102e-06 4.898889176449142979e+05
7.438261998323155567e+06 2.056469425324317556e-06 4.862702978636767366e+05
7.510618033334286883e+06 2.071651564349761140e-06 4.827066564709083759e+05
7.583677914997190237e+06 2.086823170166008776e-06 4.791972862369786017e+05
7.657448490012479946e+06 2.101981891637964050e-06 4.757414913887542789e+05
7.731936671682362445e+06 2.117125355803246629e-06 4.723385874430640833e+05
7.807149440558491275e+06 2.132251168476637933e-06 4.689879010428393376e+05
7.883093845096224919e+06 2.147356914873153916e-06 4.656887697959007928e+05
7.959777002314977348e+06 2.162440160249671674e-06 4.624405421163384453e+05
8.037206098465429619e+06 2.177498450565010785e-06 4.592425770684350864e+05
8.115388389702713117e+06 2.192529313158273720e-06 4.560942442131044809e+05
8.194331202766655944e+06 2.207530257445308091e-06 4.529949234567966778e+05
8.274041935668218881e+06 2.222498775633143793e-06 4.499440049028241774e+05
8.354528058382871561e+06 2.237432343452169977e-06 4.469408887050788035e+05
8.435797113550610840e+06 2.252328420905892193e-06 4.439849849240891635e+05
8.517856717182794586e+06 2.267184453037987214e-06 4.410757133853920386e+05
8.600714559375951067e+06 2.281997870716499269e-06 4.382125035401637433e+05
8.684378405032249168e+06 2.296766091434822775e-06 4.353947943280918407e+05
8.768856094587445259e+06 2.311486520129272511e-06 4.326220340424368624e+05
8.854155544745348394e+06 2.326156550012921909e-06 4.298936801972528920e+05
8.940284749219998717e+06 2.340773563425418086e-06 4.272091993967284216e+05
9.027251779484577477e+06 2.355334932698383117e-06 4.245680672066255356e+05
9.115064785527916625e+06 2.369838021036199559e-06 4.219697680277554318e+05
9.203731996618229896e+06 2.384280183411665624e-06 4.194137949714871356e+05
9.293261722074305639e+06 2.398658767476244315e-06 4.168996497372374288e+05
9.383662352044282481e+06 2.412971114484502056e-06 4.144268424919110839e+05
9.474942358291719109e+06 2.427214560232297209e-06 4.119948917512651533e+05
9.567110294989774004e+06 2.441386436008316978e-06 4.096033242631619796e+05
9.660174799522645772e+06 2.455484069558531572e-06 4.072516748926775763e+05
9.754144593295099214e+06 2.469504786063114570e-06 4.049394865090341773e+05
9.849028482549766079e+06 2.483445909125286128e-06 4.026663098743382143e+05
9.944835359192388132e+06 2.497304761771738932e-06 4.004317035340690636e+05
1.004157420162520558e+07 2.511078667463972665e-06 3.982352337093187962e+05
1.013925407558814250e+07 2.524764951120173617e-06 3.960764741907263524e+05
1.023788413500868343e+07 2.538360940146979588e-06 3.939550062341002631e+05
1.033747362285939790e+07 2.551863965480703604e-06 3.918704184576807311e+05
1.043803187202444114e+07 2.565271362637347306e-06 3.898223067410315853e+05
1.053956830617394485e+07 2.578580472770914825e-06 3.878102741255194414e+05
1.064209244064724632e+07 2.591788643739388503e-06 3.858339307163631311e+05
1.074561388334457949e+07 2.604893231177793428e-06 3.838928935862194048e+05
1.085014233562744968e+07 2.617891599577712974e-06 3.819867866802842473e+05
1.095568759322788939e+07 2.630781123372683168e-06 3.801152407228738884e+05
1.106225954716620781e+07 2.643559188028748042e-06 3.782778931254726485e+05
1.116986818467824906e+07 2.656223191139598685e-06 3.764743878962107701e+05
1.127852359015096910e+07 2.668770543525615018e-06 3.747043755507495371e+05
1.138823594606782123e+07 2.681198670336128819e-06 3.729675130245513865e+05
1.149901553396274336e+07 2.693505012154242683e-06 3.712634635865067248e+05
1.161087273538378999e+07 2.705687026103504821e-06 3.695918967538950965e+05
1.172381803286599740e+07 2.717742186955784537e-06 3.679524882086503785e+05
1.183786201091372408e+07 2.729667988239570793e-06 3.663449197149153333e+05
1.195301535699267127e+07 2.741461943348028520e-06 3.647688790378550184e+05
1.206928886253118701e+07 2.753121586646121928e-06 3.632240598637015792e+05
1.218669342393193021e+07 2.764644474576016645e-06 3.617101617210144759e+05
1.230524004359261505e+07 2.776028186760047899e-06 3.602268899031309411e+05
1.242493983093746565e+07 2.787270327100565699e-06 3.587739553917762823e+05
1.254580400345803238e+07 2.798368524875817591e-06 3.573510747818237287e+05
1.266784388776455820e+07 2.809320435831286660e-06 3.559579702071603970e+05
1.279107092064741068e+07 2.820123743265492050e-06 3.545943692676672945e+05
1.291549665014882758e+07 2.830776159109806900e-06 3.532600049572516000e+05
1.304113273664526641e+07 2.841275425001255213e-06 3.519546155929455999e+05
1.316799095393984951e+07 2.851619313347721434e-06 3.506779447450255393e+05
1.329608319036608934e+07 2.861805628384761272e-06 3.494297411681353115e+05
1.342542144990170561e+07 2.871832207223231953e-06 3.482097587333968258e+05
1.355601785329368897e+07 2.881696920887024893e-06 3.470177563614797546e+05
1.368788463919415325e+07 2.891397675340209619e-06 3.458534979566023685e+05
1.382103416530722938e+07 2.900932412502633465e-06 3.447167523414653842e+05
1.395547890954730473e+07 2.910299111253584047e-06 3.436072931930557825e+05
1.409123147120804153e+07 2.919495788422355328e-06 3.425248989793482469e+05
1.422830457214354910e+07 2.928520499765378473e-06 3.414693528968351311e+05
1.436671105796011724e+07 2.937371340928882841e-06 3.404404428088995628e+05
1.450646389922046848e+07 2.946046448396563646e-06 3.394379611849864596e+05
1.464757619265895151e+07 2.954544000421474479e-06 3.384617050405568443e+05
1.479006116240903176e+07 2.962862217941359057e-06 3.375114758778134710e+05
1.493393216124253348e+07 2.970999365476900448e-06 3.365870796271548024e+05
1.507920267182095721e+07 2.978953752012019538e-06 3.356883265893565840e+05
1.522588630795913190e+07 2.986723731855655247e-06 3.348150313784457976e+05
1.537399681590067968e+07 2.994307705484345896e-06 3.339670128652474377e+05
1.552354807560668699e+07 3.001704120364905296e-06 3.331440941215864732e+05
1.567455410205595009e+07 3.008911471756566762e-06 3.323461023651227006e+05
1.582702904655883275e+07 3.015928303492073698e-06 3.315728689047823427e+05
1.598098719808309525e+07 3.022753208736893864e-06 3.308242290867887787e+05
1.613644298459311575e+07 3.029384830726123213e-06 3.301000222412504372e+05
1.629341097440196574e+07 3.035821863478462248e-06 3.294000916292875772e+05
1.645190587753660791e+07 3.042063052486621140e-06 3.287242843906825874e+05
1.661194254711660929e+07 3.048107195383686904e-06 3.280724514920226648e+05
1.677353598074569739e+07 3.053953142584869436e-06 3.274444476753165945e+05
1.693670132191772014e+07 3.059599797904084751e-06 3.268401314070648514e+05
1.710145386143542081e+07 3.065046119144962056e-06 3.262593648277514731e+05
1.726780903884356096e+07 3.070291118665707577e-06 3.257020137017436209e+05
1.743578244387577847e+07 3.075333863917365197e-06 3.251679473675740883e+05
1.760538981791556627e+07 3.080173477955120697e-06 3.246570386885755579e+05
1.777664705547144637e+07 3.084809139922092666e-06 3.241691640038563637e+05
1.794957020566646382e+07 3.089240085505376316e-06 3.237042030795763130e+05
1.812417547374239564e+07 3.093465607363741754e-06 3.232620390605222201e+05
1.830047922257798910e+07 3.097485055526903290e-06 3.228425584219301818e+05
1.847849797422290593e+07 3.101297837765738059e-06 3.224456509215600090e+05
1.865824841144566238e+07 3.104903419933393387e-06 3.220712095519711729e+05
1.883974737929719314e+07 3.108301326276835672e-06 3.217191304929928156e+05
1.902301188668945804e+07 3.111491139718610815e-06 3.213893130643577897e+05
1.920805910798933357e+07 3.114472502108648902e-06 3.210816596784693538e+05
1.939490638462830707e+07 3.117245114445791271e-06 3.207960757932851557e+05
1.958357122672715038e+07 3.119808737068906137e-06 3.205324698652875377e+05
1.977407131473746523e+07 3.122163189817460195e-06 3.202907533025094308e+05
1.996642450109793246e+07 3.124308352161316267e-06 3.200708404176001786e+05
2.016064881190793589e+07 3.126244163299721372e-06 3.198726483808959601e+05
2.035676244861640036e+07 3.127970622229373455e-06 3.196960971734696068e+05
2.055478378972772509e+07 3.129487787781424865e-06 3.195411095401417115e+05
2.075473139252405614e+07 3.130795778627605979e-06 3.194076109424016904e+05
2.095662399480430782e+07 3.131894773255144559e-06 3.192955295112443855e+05
2.116048051664036512e+07 3.132785009910730709e-06 3.192047959998682491e+05
2.136632006214968115e+07 3.133466786513552424e-06 3.191353437362100231e+05
2.157416192128623649e+07 3.133940460537262825e-06 3.190871085753066000e+05
2.178402557164756581e+07 3.134206448861294108e-06 3.190600288514228305e+05
2.199593068030074611e+07 3.134265227591326371e-06 3.190540453299470828e+05
2.220989710562497377e+07 3.134117331849258171e-06 3.190691011590044363e+05
2.242594489917278290e+07 3.133763355532761825e-06 3.191051418207655079e+05
2.264409430754909664e+07 3.133203951044638170e-06 3.191621150824194192e+05
2.286436577430858836e+07 3.132439828992245650e-06 3.192399709467732464e+05
2.308677994187172130e+07 3.131471757857088012e-06 3.193386616024647374e+05
2.331135765345872566e+07 3.130300563635057390e-06 3.194581413737316034e+05
2.353811995504354313e+07 3.128927129447456445e-06 3.195983666697255685e+05
2.376708809732560813e+07 3.127352395123170993e-06 3.197592959333305480e+05
2.399828353772154823e+07 3.125577356752389937e-06 3.199408895894495654e+05
2.423172794237600639e+07 3.123603066212158403e-06 3.201431099927339237e+05
2.446744318819203228e+07 3.121430630664217643e-06 3.203659213747150498e+05
2.470545136488126218e+07 3.119061212025508220e-06 3.206092897903094417e+05
2.494577477703395858e+07 3.116496026411792186e-06 3.208731830636600498e+05
2.518843594620952010e+07 3.113736343554866035e-06 3.211575707332778838e+05
2.543345761304648221e+07 3.110783486193834549e-06 3.214624239964509034e+05
2.568086273939435184e+07 3.107638829440932993e-06 3.217877156528839259e+05
2.593067451046487316e+07 3.104303800122428757e-06 3.221334200475357939e+05
2.618291633700505272e+07 3.100779876095177151e-06 3.224995130126113654e+05
2.643761185749101266e+07 3.097068585539350592e-06 3.228859718086777139e+05
2.669478494034318253e+07 3.093171506227936632e-06 3.232927750648656511e+05
2.695445968616336212e+07 3.089090264773653676e-06 3.237199027181139099e+05
2.721666042999269068e+07 3.084826535853785388e-06 3.241673359514299664e+05
2.748141174359295890e+07 3.080382041413713071e-06 3.246350571311145322e+05
2.774873843774846941e+07 3.075758549849686422e-06 3.251230497429228853e+05
2.801866556459195167e+07 3.070957875171547980e-06 3.256312983271183912e+05
2.829121841995168850e+07 3.065981876146120659e-06 3.261597884123765398e+05
2.856642254572233930e+07 3.060832455421830962e-06 3.267085064485126059e+05
2.884430373225852102e+07 3.055511558635485207e-06 3.272774397379714064e+05
2.912488802079165354e+07 3.050021173501701913e-06 3.278665763660614030e+05
2.940820170587066561e+07 3.044363328885901999e-06 3.284759051298763370e+05
2.969427133782549948e+07 3.038540093861489116e-06 3.291054154658736079e+05
2.998312372525613010e+07 3.032553576752063331e-06 3.297550973760614288e+05
3.027478593754393607e+07 3.026405924159366116e-06 3.304249413527587312e+05
3.056928530738937110e+07 3.020099319977781233e-06 3.311149383018824155e+05
3.086664943337274343e+07 3.013635984396161460e-06 3.318250794647213188e+05
3.116690618254088238e+07 3.007018172887717662e-06 3.325553563381607528e+05
3.147008369301859289e+07 3.000248175188871022e-06 3.333057605933043524e+05
3.177621037664550915e+07 2.993328314267800692e-06 3.340762839924595319e+05
3.208531492163900658e+07 2.986260945283483499e-06 3.348669183044453384e+05
3.239742629528195411e+07 2.979048454536112128e-06 3.356776552181715961e+05
3.271257374663825333e+07 2.971693258409604132e-06 3.365084862544601201e+05
3.303078680929315090e+07 2.964197802307119536e-06 3.373594026760533452e+05
3.335209530412127078e+07 2.956564559580356132e-06 3.382303953957752674e+05
3.367652934208115935e+07 2.948796030453440281e-06 3.391214548828013358e+05
3.400411932703702897e+07 2.940894740942238240e-06 3.400325710669971886e+05
3.433489595860834420e+07 2.932863241769942649e-06 3.409637332412792020e+05
3.466889023504605889e+07 2.924704107279690596e-06 3.419149299619626836e+05
3.500613345613857359e+07 2.916419934345136952e-06 3.428861489470457891e+05
3.534665722614387423e+07 2.908013341279600018e-06 3.438773769724091399e+05
3.569049345675229281e+07 2.899486966744868794e-06 3.448885997658605338e+05
3.603767437007633597e+07 2.890843468660202094e-06 3.459198018990154960e+05
3.638823250167062134e+07 2.882085523112544851e-06 3.469709666769489995e+05
3.674220070358090848e+07 2.873215823268555380e-06 3.480420760256029316e+05
3.709961214742263407e+07 2.864237078289432924e-06 3.491331103768881294e+05
3.746050032748996466e+07 2.855152012249192632e-06 3.502440485514582833e+05
3.782489906389382482e+07 2.845963363057170196e-06 3.513748676391206682e+05
3.819284250573240966e+07 2.836673881385597243e-06 3.525255428768363199e+05
3.856436513429023325e+07 2.827286329602958158e-06 3.536960475242817192e+05
3.893950176627063006e+07 2.817803480713831792e-06 3.548863527369448566e+05
3.931828755705770105e+07 2.808228117306071854e-06 3.560964274367063190e+05
3.970075800401124358e+07 2.798563030505921047e-06 3.573262381798923016e+05
4.008694894979323447e+07 2.788811018941866580e-06 3.585757490227577509e+05
4.047689658572672307e+07 2.778974887717910876e-06 3.598449213843735633e+05
4.087063745518784225e+07 2.769057447396931284e-06 3.611337139068948454e+05
4.126820845702952147e+07 2.759061512994840319e-06 3.624420823131789803e+05
4.166964684904061258e+07 2.748989902986192694e-06 3.637699792617327766e+05
4.207499025143618882e+07 2.738845438321859615e-06 3.651173541989715304e+05
4.248427665038425475e+07 2.728630941459519948e-06 3.664841532087549567e+05
4.289754440156466514e+07 2.718349235407407882e-06 3.678703188592052320e+05
4.331483223376403004e+07 2.708003142782145053e-06 3.692757900467652944e+05
4.373617925250496715e+07 2.697595484881008648e-06 3.707005018375133513e+05
4.416162494371080399e+07 2.687129080769471940e-06 3.721443853056904045e+05
4.459120917740633339e+07 2.676606746384350979e-06 3.736073673694625031e+05
4.502497221145322919e+07 2.666031293653229569e-06 3.750893706238955492e+05
4.546295469532399625e+07 2.655405529630685552e-06 3.765903131711411988e+05
4.590519767391037196e+07 2.644732255651774138e-06 3.781101084478427074e+05
4.635174259137027711e+07 2.634014266503339988e-06 3.796486650497540249e+05
4.680263129501155764e+07 2.623254349613552380e-06 3.812058865535917575e+05
4.725790603921357542e+07 2.612455284260223319e-06 3.827816713361173752e+05
4.771760948938750476e+07 2.601619840798264788e-06 3.843759123904767912e+05
4.818178472597358376e+07 2.590750779906799699e-06 3.859884971398037160e+05
4.865047524847977608e+07 2.579850851856228098e-06 3.876193072481264244e+05
4.912372497955673933e+07 2.568922795795804267e-06 3.892682184285801486e+05
4.960157826911540329e+07 2.557969339061955549e-06 3.909351002489789389e+05
5.008407989848212153e+07 2.546993196507743542e-06 3.926198159347771434e+05
5.057127508459573239e+07 2.535997069853860251e-06 3.943222221694547334e+05
5.106320948424492776e+07 2.524983647061494635e-06 3.960421688923696638e+05
5.155992919834680855e+07 2.513955601727272835e-06 3.977794990941471769e+05
5.206148077626767755e+07 2.502915592500662560e-06 3.995340486096457462e+05
5.256791122018419206e+07 2.491866262524102938e-06 4.013056459085662500e+05
5.307926798948970437e+07 2.480810238896163936e-06 4.030941118837649701e+05
5.359559900524011254e+07 2.469750132157849247e-06 4.048992596373659908e+05
5.411695265464637429e+07 2.458688535802388681e-06 4.067208942647352233e+05
5.464337779560780525e+07 2.447628025808727566e-06 4.085588126364042982e+05
5.517492376129128784e+07 2.436571160198916885e-06 4.104128031780372839e+05
5.571164036475436389e+07 2.425520478619476133e-06 4.122826456485603703e+05
5.625357790361324698e+07 2.414478501947063482e-06 4.141681109165347298e+05
5.680078716475700587e+07 2.403447731918524400e-06 4.160689607349028811e+05
5.735331942910566181e+07 2.392430650785478393e-06 4.179849475142286392e+05
5.791122647641758621e+07 2.381429720993503156e-06 4.199158140945734922e+05
5.847456059014062583e+07 2.370447384886254107e-06 4.218612935161119094e+05
5.904337456231242418e+07 2.359486064434290603e-06 4.238211087886884925e+05
5.961772169850755483e+07 2.348548160989017102e-06 4.257949726604207535e+05
6.019765582283303887e+07 2.337636055061643984e-06 4.277825873855414102e+05
6.078323128297236562e+07 2.326752106127252317e-06 4.297836444916530163e+05
6.137450295527846366e+07 2.315898652454123069e-06 4.317978245465598884e+05
6.197152624991704524e+07 2.305078010958229129e-06 4.338247969248973532e+05
6.257435711605783552e+07 2.294292477083112485e-06 4.358642195747278747e+05
6.318305204711957276e+07 2.283544324705003826e-06 4.379157387843494071e+05
6.379766808606282622e+07 2.272835806063311632e-06 4.399789889495185926e+05
6.441826283073628694e+07 2.262169151716505730e-06 4.420535923413208802e+05
6.504489443927437067e+07 2.251546570523324602e-06 4.441391588749465882e+05
6.567762163554729521e+07 2.240970249649432640e-06 4.462352858796030050e+05
6.631650371466494352e+07 2.230442354599389282e-06 4.483415578698559548e+05
6.696160054853215069e+07 2.219965029274029571e-06 4.504575463186547859e+05
6.761297259146156907e+07 2.209540396053215459e-06 4.525828094323357218e+05
6.827068088583682477e+07 2.199170555903938811e-06 4.547168919279040419e+05
6.893478706783510745e+07 2.188857588513726130e-06 4.568593248129121494e+05
6.960535337320181727e+07 2.178603552449456388e-06 4.590096251682303264e+05
7.028244264308352768e+07 2.168410485341400109e-06 4.611672959340802045e+05
7.096611832991698384e+07 2.158280404092572876e-06 4.633318256996545824e+05
7.165644450337524712e+07 2.148215305113392689e-06 4.655026884966799989e+05
7.235348585637265444e+07 2.138217164581579731e-06 4.676793435973031446e+05
7.305730771112585068e+07 2.128287938727312138e-06 4.698612353166774265e+05
7.376797602527745068e+07 2.118429564143555148e-06 4.720477928206609213e+05
7.448555739807493985e+07 2.108643958121759317e-06 4.742384299389897496e+05
7.521011907661405206e+07 2.098933019012672415e-06 4.764325449844011455e+05
7.594172896213914454e+07 2.089298626612439913e-06 4.786295205781024415e+05
7.668045561640717089e+07 2.079742642573988980e-06 4.808287234820324811e+05
7.742636826811277866e+07 2.070266910843633311e-06 4.830295044383915956e+05
7.817953681937569380e+07 2.060873258123036423e-06 4.852311980168839800e+05
7.894003185229241848e+07 2.051563494356495313e-06 4.874331224701702595e+05
7.970792463554885983e+07 2.042339413243680842e-06 4.896345795980021358e+05
8.048328713110151887e+07 2.033202792777741667e-06 4.918348546205810271e+05
8.126619200091946125e+07 2.024155395809089378e-06 4.940332160615973407e+05
8.205671261379453540e+07 2.015198970634698373e-06 4.962289156415380421e+05
8.285492305221690238e+07 2.006335251613255913e-06 4.984211881817452959e+05
8.366089811931756139e+07 1.997565959806085275e-06 5.006092515198223991e+05
8.447471334587836266e+07 1.988892803644174877e-06 5.027923064368963824e+05
8.529644499741016328e+07 1.980317479621308726e-06 5.049695365973478183e+05
8.612617008130076528e+07 1.971841673013627689e-06 5.071401085015454446e+05
8.696396635402962565e+07 1.963467058625646130e-06 5.093031714522182010e+05
8.780991232845717669e+07 1.955195301563189810e-06 5.114578575349962921e+05
8.866408728118062019e+07 1.947028058033263071e-06 5.136032816137855989e+05
8.952657125996400416e+07 1.938966976171287896e-06 5.157385413415418006e+05
9.039744509123975039e+07 1.931013696895970638e-06 5.178627171870718012e+05
9.127679038768288493e+07 1.923169854792053503e-06 5.199748724785033846e+05
9.216468955586022139e+07 1.915437079021516169e-06 5.220740534639963298e+05
9.306122580395093560e+07 1.907816994263330891e-06 5.241592893904019147e+05
9.396648314954710007e+07 1.900311221682504404e-06 5.262295926004248904e+05
9.488054642752423882e+07 1.892921379928638072e-06 5.282839586489849025e+05
9.580350129799436033e+07 1.885649086164635008e-06 5.303213664393813815e+05
9.673543425433138013e+07 1.878495957126071051e-06 5.323407783799064346e+05
9.767643263127766550e+07 1.871463610211730625e-06 5.343411405615648255e+05
9.862658461312830448e+07 1.864553664606110685e-06 5.363213829574872507e+05
9.958597924199496210e+07 1.857767742434332985e-06 5.382804196447324939e+05
1.005547064261513650e+08 1.851107469950398112e-06 5.402171490490478463e+05
1.015328569484566003e+08 1.844574478759391346e-06 5.421304542132512433e+05
1.025205224748654962e+08 1.838170407074498396e-06 5.440192030898424564e+05
1.035177955630176216e+08 1.831896901009807021e-06 5.458822488584178500e+05
1.045247696709104180e+08 1.825755615909627610e-06 5.477184302685440052e+05
1.055415391656582803e+08 1.819748217715481759e-06 5.495265720086283982e+05
1.065681993323368579e+08 1.813876384371758101e-06 5.513054851013749139e+05
1.076048463829117864e+08 1.808141807271091658e-06 5.530539673263976583e+05
1.086515774652541727e+08 1.802546192740772407e-06 5.547708036705008708e+05
1.097084906722454131e+08 1.797091263571255625e-06 5.564547668061986333e+05
1.107756850509708673e+08 1.791778760588321103e-06 5.581046175989134936e+05
1.118532606120004803e+08 1.786610444270097582e-06 5.597191056433907943e+05
1.129413183387620896e+08 1.781588096410470719e-06 5.612969698297781870e+05
1.140399601970035434e+08 1.776713521830592772e-06 5.628369389397536870e+05
1.151492891443491429e+08 1.771988550139936098e-06 5.643377322731734021e+05
1.162694091399491727e+08 1.767415037548805170e-06 5.657980603055643151e+05
1.174004251542213112e+08 1.762994868734043533e-06 5.672166253768347669e+05
1.185424431786863953e+08 1.758729958760014956e-06 5.685921224114734214e+05
1.196955702359045297e+08 1.754622255056738342e-06 5.699232396705599967e+05
1.208599143895007521e+08 1.750673739457540467e-06 5.712086595357611077e+05
1.220355847542954534e+08 1.746886430298388175e-06 5.724470593255386921e+05
1.232226915065284371e+08 1.743262384581295656e-06 5.736371121437260881e+05
1.244213458941829801e+08 1.739803700204452501e-06 5.747774877605360234e+05
1.256316602474121451e+08 1.736512518261660447e-06 5.758668535260846838e+05
1.268537479890667945e+08 1.733391025413906830e-06 5.769038753164281370e+05
1.280877236453237534e+08 1.730441456336045304e-06 5.778872185120625654e+05
1.293337028564169407e+08 1.727666096241710630e-06 5.788155490087791113e+05
1.305918023874780536e+08 1.725067283489758704e-06 5.796875342607103521e+05
1.318621401394748539e+08 1.722647412275637722e-06 5.805018443553623511e+05
1.331448351602637619e+08 1.720408935411339302e-06 5.812571531203457853e+05
1.344400076557447016e+08 1.718354367197863605e-06 5.819521392614197684e+05
1.357477790011249483e+08 1.716486286393995060e-06 5.825854875315119280e+05
1.370682717522946298e+08 1.714807339285818056e-06 5.831558899301652564e+05
1.384016096573130190e+08 1.713320242861370379e-06 5.836620469328762265e+05
1.397479176680037975e+08 1.712027788095024267e-06 5.841026687497294042e+05
1.411073219516658187e+08 1.710932843346678751e-06 5.844764766125740716e+05
1.424799499028949440e+08 1.710038357880754441e-06 5.847822040900281863e+05
1.438659301555238366e+08 1.709347365510626256e-06 5.850185984293918591e+05
1.452653925946778357e+08 1.708862988374068229e-06 5.851844219245861750e+05
1.466784683689457774e+08 1.708588440845833794e-06 5.852784533090670593e+05
1.481052899026692808e+08 1.708527033593664585e-06 5.852994891726295464e+05
1.495459909083537757e+08 1.708682177784405747e-06 5.852463454009150155e+05
1.510007063992004693e+08 1.709057389447296272e-06 5.851178586363310460e+05
1.524695727017569840e+08 1.709656294001709922e-06 5.849128877590643242e+05
1.539527274686944485e+08 1.710482630957251269e-06 5.846303153866940411e+05
1.554503096917053461e+08 1.711540258794274621e-06 5.842690493909083307e+05
1.569624597145302296e+08 1.712833160033501364e-06 5.838280244296770543e+05
1.584893192461110950e+08 1.714365446503751103e-06 5.833062034931838280e+05
